source,target,tgt_lng
"""Nước Mạnh""",Tonico rinforzante,it-IT
"""Nước Tinh Khiết""","""Acqua pura""",it-IT
"""Pure Water""","""Acqua pura""",it-IT
"""Saf Su""","""Acqua pura""",it-IT
"""Strength Tonic""",Tonico rinforzante,it-IT
"""Água da Pureza""","""Acqua pura""",it-IT
A Alegria de Narukami,Gioia di Narukami,it-IT
A Coragem de Narukami,Eroismo di Narukami,it-IT
Aberrant Core of the Deep Shadow,Nucleo aberrante dell'ombra profonda,it-IT
Aberranter Kern der tiefen Schatten,Nucleo aberrante dell'ombra profonda,it-IT
Abgebrochener Zahn des borealischen Wolfs,Zanna incrinata del Lupo boreale,it-IT
Abgelagerte Masse,Massa aggregata,it-IT
Abgelagerte Wucherung,Escrescenza aggregata,it-IT
Abgenutzte Bolzenspitze,Punta di freccia consumata,it-IT
Abgrundlichtflosse,Aletta Baratroluce,it-IT
Abzeichen für Offiziere,Emblema del tenente,it-IT
Abzeichen für Unteroffiziere,Emblema del sergente,it-IT
Accreted Growth,Escrescenza aggregata,it-IT
Accreted Mass,Massa aggregata,it-IT
Aceite esencial de anhelo del destino,Olio essenziale di Brama del destino,it-IT
Aceite esencial de doncella de la casa dorada,Olio essenziale di Fanciulla del Palazzo dorato,it-IT
Aceite esencial de escarcha,Olio essenziale congelante,it-IT
Aceite esencial de flora,Olio essenziale silvestre,it-IT
Aceite esencial de impacto,Olio essenziale folgorante,it-IT
Aceite esencial de inmovilidad,Olio essenziale granitico,it-IT
Aceite esencial de llamas ardientes,Olio essenziale ardente,it-IT
Aceite esencial de menta,Olio essenziale di menta,it-IT
Aceite esencial de tejedora de los valles,Olio essenziale di Tessivalle,it-IT
Aceite esencial de torrente,Olio essenziale idratante,it-IT
Aceite esencial de ventisca,Olio essenziale sferzante,it-IT
Aceite litoesencial especial,Olio essenziale granitico speciale,it-IT
Acreción sedimentada,Escrescenza aggregata,it-IT
Adalet Felsefesi,Filosofie della giustizia,it-IT
Adalet Rehberi,Guida alla giustizia,it-IT
Adieu de l'empereur glacial,Addio dell'Imperatore del gelo,it-IT
Adiós del emperador de la escarcha,Addio dell'Imperatore del gelo,it-IT
Afecto de Narukami,Affetto di Narukami,it-IT
Affection de Narukami,Affetto di Narukami,it-IT
Afterglow of Long Night Flint,Incandescenza della Selce della Lunga notte,it-IT
Agent's Sacrificial Knife,Coltello sacrificale dell'usuraio,it-IT
Agnidus Agate Chunk,Pezzo d'agata Agnidus,it-IT
Agnidus Agate Fragment,Frammento d'agata Agnidus,it-IT
Agnidus Agate Gemstone,Gemma d'agata Agnidus,it-IT
Agnidus Akiği Külçesi,Gemma d'agata Agnidus,it-IT
Agnidus Akiği Kırıntısı,Frammento d'agata Agnidus,it-IT
Agnidus Akiği Parçası,Pezzo d'agata Agnidus,it-IT
Agnidus-Achat,Gemma d'agata Agnidus,it-IT
Agnidus-Achat-Brocken,Pezzo d'agata Agnidus,it-IT
Agnidus-Achat-Bruchstück,Frammento d'agata Agnidus,it-IT
Agua pura,"""Acqua pura""",it-IT
Aileron lunaire,Aletta lunare,it-IT
Aileron ténébreux,Aletta Baratroluce,it-IT
Ajanın Klasik Cep Saati,Orologio comune da operativo,it-IT
Ajanın Vefası,Costanza dell'operativo,it-IT
Akkor Yem,Esca Scintillambra,it-IT
Akıntı Özütü,Olio essenziale idratante,it-IT
Alaca Kristal,Cristallo xenocromatico,it-IT
Aleta lunar,Aletta lunare,it-IT
Aleta luzabisal,Aletta Baratroluce,it-IT
Alev Özütü,Olio essenziale ardente,it-IT
Alevli Fedakar Kalbin Kararlılığı,Determinazione del cuore sacrificale ardente,it-IT
Alevli Fedakar Kalbin Çekincesi,Esitazione del cuore sacrificale ardente,it-IT
Alevli Fedakar Kalbin İhtişamı,Fulgore del cuore sacrificale ardente,it-IT
Alevli Göz,Occhio vigile infuocato,it-IT
Alevli Prizma Kabuğu,Carapace prismardente,it-IT
Alevli Yaşam Tohumu,Seme della vita infuocato,it-IT
Alien Life Core,Nucleo di vita aliena,it-IT
Alternação das Nuvens e o Mar,Elisir primordiale della nebbia,it-IT
Altın Ev Hanımı Özütü,Olio essenziale di Fanciulla del Palazzo dorato,it-IT
Altın Felsefesi,Filosofie dell'oro,it-IT
Altın Kuzgun Nişanı,Emblema del corvo dorato,it-IT
Altın Rehberi,Guida all'oro,it-IT
Amatista vajrada,Gemma d'ametista Vajrada,it-IT
Amplificação de Acreção,Escrescenza aggregata,it-IT
Anemoculus Resonance Stone,Pietra di risonanza per Anemoculi,it-IT
Anemoculus-Resonanzstein,Pietra di risonanza per Anemoculi,it-IT
Angereichertes Harz,Resina condensata,it-IT
Anleitung zum „Elysium“,Guida all'Elisio,it-IT
Anleitung zum „Fleiß“,Guida alla diligenza,it-IT
Anleitung zum „Gold“,Guida all'oro,it-IT
Anleitung zum „Licht“,Guida alla luce,it-IT
Anleitung zum „Mondlicht“,Guida al chiaro di luna,it-IT
Anleitung zum „Ruhm“,Guida alla gloria,it-IT
Anleitung zum „Wettstreit“,Guida alla disputa,it-IT
Anleitung zum „Widerstand“,Guida alla resistenza,it-IT
Anleitung zum „Wohlstand“,Guida alla prosperità,it-IT
Anleitung zur „Beharrlichkeit“,Guida alla fermezza,it-IT
Anleitung zur „Eleganz“,Guida all'eleganza,it-IT
Anleitung zur „Ermahnung“,Guida all'ammonimento,it-IT
Anleitung zur „Fairness“,Guida all'equità,it-IT
Anleitung zur „Findigkeit“,Guida all'ingegno,it-IT
Anleitung zur „Freiheit“,Guida alla libertà,it-IT
Anleitung zur „Gerechtigkeit“,Guida alla giustizia,it-IT
Anleitung zur „Güte“,Guida alla benevolenza,it-IT
Anleitung zur „Ordnung“,Guida all'ordine,it-IT
Anleitung zur „Poesie“,Guida alla poesia,it-IT
Anleitung zur „Praxis“,Guida alla pragmatica,it-IT
Anleitung zur „Verbrennung“,Guida alla combustione,it-IT
Anleitung zur „Vergänglichkeit“,Guida alla fugacità,it-IT
Anleitung zur „Wanderschaft“,Guida all'erranza,it-IT
Anleitung zur „Zwietracht“,Guida al conflitto,it-IT
Antlitz des wahnsinnigen Fürsten,Divinità delirante del Sacro Signore,it-IT
Apito Dourado do Guerreiro de Coroa Sauriana,Fischietto d'oro del guerriero dei Saurici,it-IT
Apito de Metal do Guerreiro,Fischietto di metallo del guerriero,it-IT
Appât aigre,Esca aspra,it-IT
Appât braiserine,Esca Scintillambra,it-IT
Appât clignotant,Esca stroboscopica per Meka manutentori,it-IT
Appât de baie,Esca bacca,it-IT
Appât de pâte de fruit,Esca di pasta di frutta,it-IT
Appât de rosée,Esca zuccherosa,it-IT
Appât fétide,Esca profumata,it-IT
Appât granispinelle,Esca almandina,it-IT
Appât scintillant,Esca baluginante,it-IT
Appât-lakka,Esca Lakka rinfrescante,it-IT
Arbre de transmission raffiné,Albero di trasmissione di precisione,it-IT
Arbre de transmission renforcé,Albero di trasmissione rinforzato,it-IT
Ardor del fuego de la larga noche,Fulgore della Selce della Lunga notte,it-IT
Argent karstique,Elisir d'oro della nebbia,it-IT
Artful Device Inheritance,Eredità del dispositivo ingegnoso,it-IT
Artful Device Replica,Replica del dispositivo ingegnoso,it-IT
Artful Device Wish,Desiderio del dispositivo ingegnoso,it-IT
Artificed Dynamic Gear,Ingranaggio dinamico artificiato,it-IT
Asal Kimerik Düğüm,Nucleo chimerico primordiale,it-IT
Asiduidad de Senescal,Costanza dell'operativo,it-IT
Aspecto do Santo Delirante,Aspetto delirante del Sacro Signore,it-IT
Aspiración del instrumento misterioso,Desiderio del dispositivo ingegnoso,it-IT
Ateş Direnci İksiri,Pozione ignifuga,it-IT
Ateş Özü Rezonans Taşı,Pietra di risonanza per Pyroculi,it-IT
Attitude délirante du seigneur sacré,Aspetto delirante del Sacro Signore,it-IT
Augure mystique du vent nocturne,Auspicio mistico del Vento della Notte,it-IT
Aureate Radiance of the Far-North Scions,Radiosità aurea dell'Erede dell'Estremo Nord,it-IT
Ausgelassenheit des eingelagerten spirituellen Nektars,Baldoria del nettare spirituale invecchiato,it-IT
Ausgereifter kräftiger Zahn,Zanna inveterata,it-IT
Außerweltliche Synapse,Sinapsi aliena,it-IT
Außerweltlicher Lebenskern,Nucleo di vita aliena,it-IT
Avarelik Felsefesi,Filosofie dell'erranza,it-IT
Avarelik Rehberi,Guida all'erranza,it-IT
Axe du chaos,Asse del caos,it-IT
Ay Işığı Felsefesi,Filosofie del chiaro di luna,it-IT
Ay Işığı Rehberi,Guida al chiaro di luna,it-IT
Ay Işığı Sırt Tüyü,Aletta lunare,it-IT
Ayaz Özütü,Olio essenziale congelante,it-IT
Ayaz İmparatorunun Ağıdı,Lamento dell'Imperatore del gelo,it-IT
Ayaz İmparatorunun Töreni,Cerimonia dell'Imperatore del gelo,it-IT
Ayaz İmparatorunun Vedası,Addio dell'Imperatore del gelo,it-IT
Ayrık Kabza,Elsa spezzata,it-IT
Babas de Slime,Secrezioni di Melmoso,it-IT
Bec crochu des fonds,Becco uncinato dell'ombra profonda,it-IT
Berry Bait,Esca bacca,it-IT
Berühmter Handschutz,Paramano celebre,it-IT
Beständigkeit der Dienerin,Costanza dell'operativo,it-IT
Bewildering Broadleaf,Granfoglia stupefacente,it-IT
Bi Thương Của Hoàng Đế Băng Giá,Lamento dell'Imperatore del gelo,it-IT
Bico da Sombra Profunda,Becco uncinato dell'ombra profonda,it-IT
Bit of Aerosiderite,Frammento di Aerosiderite,it-IT
Biểu Tượng Ý Chí Ngao Du,Sigillo di volontà inarrestabile,it-IT
Black Bronze Horn,Corno di bronzo nero,it-IT
Black Crystal Horn,Corno con cristallo nero,it-IT
Blaue Farbe,Tintura blu,it-IT
Blaze of Long Night Flint,Fulgore della Selce della Lunga notte,it-IT
Blazing Prismshell,Carapace prismardente,it-IT
Blazing Sacrificial Heart's Hesitance,Esitazione del cuore sacrificale ardente,it-IT
Blazing Sacrificial Heart's Resolve,Determinazione del cuore sacrificale ardente,it-IT
Blazing Sacrificial Heart's Splendor,Fulgore del cuore sacrificale ardente,it-IT
Bloco de Aerosiderite,Pezzo di Aerosiderite,it-IT
Blue Dye,Tintura blu,it-IT
Blühende Blume eines Nomaden,Fiore sbocciato del vagabondo,it-IT
Bodurlop Salgıları,Secrezioni di Melmoso,it-IT
Bomba Flutuante,Bomba esplosiva,it-IT
Bomba Precisa,Bomba precisa,it-IT
Bomba Queimante,Bomba calcinatrice,it-IT
Bomba calcinadora,Bomba calcinatrice,it-IT
Bomba de precisión,Bomba precisa,it-IT
Bomba flotante,Bomba esplosiva,it-IT
Bombe brûlante,Bomba calcinatrice,it-IT
Bombe directe,Bomba precisa,it-IT
Bombe explosive,Bomba esplosiva,it-IT
Boreal Wolf's Broken Fang,Zanna incrinata del Lupo boreale,it-IT
Boreal Wolf's Cracked Tooth,Dente rotto del Lupo boreale,it-IT
Boreal Wolf's Nostalgia,Nostalgia del Lupo boreale,it-IT
Bourgeon de vie,Nodo germogliato della vita,it-IT
Branche marine d'or,Ramo dorato di un mare lontano,it-IT
Branche marine de gemme,Ramo prezioso di un mare lontano,it-IT
Branche marine de jade,Ramo di giada di un mare lontano,it-IT
Brandbombe,Bomba calcinatrice,it-IT
Brilho Remanescente do Poder Escaldante,Ultimo bagliore di possanza infuocata,it-IT
Brilho Residual da Noite Eterna,Incandescenza della Selce della Lunga notte,it-IT
Brillance de givrenuit,Bagliore della Notte gelata,it-IT
Brocado rojo lujoso,Broccato rosso sontuoso,it-IT
Brocart rouge luxueux,Broccato rosso sontuoso,it-IT
Brocken pechschwarzer Aerosiderit,Pezzo di Aerosiderite,it-IT
Brotes de líneas ley,Germoglio geomantico,it-IT
Broto de Linha Ley,Germoglio geomantico,it-IT
Bruchstück einer archaischen Serenade,Capitolo di un antico accordo,it-IT
Bulanık Prizma,Prisma torbido,it-IT
Buz Direnci İksiri,Pozione antigelo,it-IT
Bánh Răng Chính,Ingranaggio cilindrico,it-IT
Bánh Răng Lõi Trung Tâm,Ingranaggio dinamico artificiato,it-IT
Bình Nước Đục,Campione d'acqua contaminata,it-IT
Böğürtlen Yemi,Esca bacca,it-IT
Bùa Rừng Xanh Sương Đọng - Bạc,Talismano d'argento della rugiada silvestre,it-IT
Bùa Rừng Xanh Sương Đọng - Sắt,Talismano di ferro della rugiada silvestre,it-IT
Bùa Rừng Xanh Sương Đọng - Vàng,Talismano d'oro della rugiada silvestre,it-IT
Büyüleyici Geniş Yaprak,Granfoglia stupefacente,it-IT
Büyümüş Kitle,Escrescenza aggregata,it-IT
Băng Đỏ Viền Vàng,Seta rossa ritagliata,it-IT
Băng Đỏ Ánh Vàng,Broccato rosso sontuoso,it-IT
Bản Vẽ Cấm Chú,Pergamena maledetta,it-IT
Bản Vẽ Phong Ấn,Pergamena sigillata,it-IT
Bộ Não Hỗn Độn,Circuito del caos,it-IT
Bột Huỳnh Quang,Polline luminescente,it-IT
Bột Slime,Concentrato di Melmoso,it-IT
Bụi Tinh Thể,Polvere di ciste cristallina,it-IT
Cabo Flamejante Ornamentado,Elsa fiammeggiante ingioiellata,it-IT
Cabo Flamenjante Fraturado,Elsa fiammeggiante incrinata,it-IT
Cadena de Diente de León,Catene del Gladiatore dei denti di leone,it-IT
Caldera del caos,Nucleo del caos,it-IT
Capacete da Névoa,Elmo brumoso,it-IT
Caparazón grabado,Ossa marchiate,it-IT
Caparazón sólido,Ossa compatte,it-IT
Capricho del néctar espiritual de la bodega,Baldoria del nettare spirituale invecchiato,it-IT
Capítulo de uma Corda Antiga,Capitolo di un antico accordo,it-IT
Caraprisme enflammé,Carapace prismardente,it-IT
Casco Duro,Ossa compatte,it-IT
Casco Marcado,Ossa marchiate,it-IT
Casco brumoso,Elmo brumoso,it-IT
Casque de brumevoile,Elmo brumoso,it-IT
Cebo afrutado,Esca di pasta di frutta,it-IT
Cebo centelleante,Esca baluginante,it-IT
Cebo cálido,Esca Scintillambra,it-IT
Cebo cítrico,Esca aspra,it-IT
Cebo de bellota,Esca bacca,it-IT
Cebo de lombriz falsa,Esca con verme finto,it-IT
Cebo de mosca falsa,Esca con mosca finta,it-IT
Cebo de sangre,Esca profumata,it-IT
Cebo espimahís,Esca almandina,it-IT
Cebo inmaculado,Esca Lakka rinfrescante,it-IT
Cebo maná,Esca zuccherosa,it-IT
Cebo parpadeante de mecarreparadores,Esca stroboscopica per Meka manutentori,it-IT
Cennet Felsefesi,Filosofie dell'Elisio,it-IT
Cennet Rehberi,Guida all'Elisio,it-IT
Ceremonia del emperador de la escarcha,Cerimonia dell'Imperatore del gelo,it-IT
Cerimônia do Imperador da Neve,Cerimonia dell'Imperatore del gelo,it-IT
Cetim Vermelho,Broccato rosso sontuoso,it-IT
Cevherli Alevli Kabza,Elsa fiammeggiante ingioiellata,it-IT
Chains of the Dandelion Gladiator,Catene del Gladiatore dei denti di leone,it-IT
Chaos Axis,Asse del caos,it-IT
Chaos Bolt,Bullone del caos,it-IT
Chaos Circuit,Circuito del caos,it-IT
Chaos Core,Nucleo del caos,it-IT
Chaos Module,Modulo del caos,it-IT
Chaos Oculus,Oculus del caos,it-IT
Chaos-Achse,Asse del caos,it-IT
Chaos-Anker,Bullone del caos,it-IT
Chaos-Getriebe,Nucleo del caos,it-IT
Chaos-Modul,Modulo del caos,it-IT
Chaos-Oculus,Oculus del caos,it-IT
Chaos-Schaltkreis,Circuito del caos,it-IT
Chapitre d'un accord ancien,Capitolo di un antico accordo,it-IT
Chapter of an Ancient Chord,Capitolo di un antico accordo,it-IT
Chasmlight Fin,Aletta Baratroluce,it-IT
Chaînes du Chevalier du Croc de Lion,Catene del Gladiatore dei denti di leone,it-IT
Chifre de Bronze Negro,Corno di bronzo nero,it-IT
Chifre de Cristal Preto,Corno con cristallo nero,it-IT
Chinh Phục Của Quân Sao Nhạt,Trionfo dell'esercito della Candida Stella,it-IT
Chunk of Aerosiderite,Pezzo di Aerosiderite,it-IT
Chân Lý Vườn Hoa Ốc Đảo,Verità del giardino dell'oasi,it-IT
Chương Cung Đàn Cổ Xưa,Movimento di un antico accordo,it-IT
Chốt Neo Hỗn Độn,Bullone del caos,it-IT
Chồi Non Địa Mạch,Germoglio geomantico,it-IT
Circuit du chaos,Circuito del caos,it-IT
Circuito do Caos,Circuito del caos,it-IT
Clairon de l'armée pâle,Fragore dell'esercito della Candida Stella,it-IT
Clarim do Exército da Estrela Azul,Fragore dell'esercito della Candida Stella,it-IT
Clarion of the Pale Star Army,Fragore dell'esercito della Candida Stella,it-IT
Coiled Core of Life,Nucleo attorcigliato della vita,it-IT
Colherada de Água Impura,Campione d'acqua contaminata,it-IT
Colmillo de tirano,Zanna del tiranno,it-IT
Colmillo roto de lobo boreal,Zanna incrinata del Lupo boreale,it-IT
Colmillo veterano,Zanna inveterata,it-IT
Compasión del emperador de la escarcha,Lamento dell'Imperatore del gelo,it-IT
Complainte de l'empereur glacial,Lamento dell'Imperatore del gelo,it-IT
Con Mắt Rực Cháy,Occhio vigile infuocato,it-IT
Con Ngươi Hỗn Độn,Oculus del caos,it-IT
Concealed Talon,Artiglio di bestia nascosto,it-IT
Concealed Unguis,Artiglio affilato nascosto,it-IT
Concha Prismática Ardente,Carapace prismardente,it-IT
Concha Quente,Carapace posteriore caldo,it-IT
Condensed Resin,Resina condensata,it-IT
Congregación del ejército de la Estrella Albina,Adunata dell'esercito della Candida Stella,it-IT
Constance d'opérateur,Costanza dell'operativo,it-IT
Constância do Servo,Costanza dell'operativo,it-IT
Copa de oro del mar impoluto,Calice d'oro del mare immacolato,it-IT
Copa de plata del mar impoluto,Calice d'argento del mare immacolato,it-IT
Copa de vino del mar impoluto,Calice di vino del mare immacolato,it-IT
Coque marquée,Ossa marchiate,it-IT
Coque robuste,Ossa compatte,it-IT
Coquille brisée chaude,Carapace posteriore caldo,it-IT
Corazón espectral,Cuore spettrale,it-IT
Coração Espectral,Cuore spettrale,it-IT
Coração da Fonte Secreta,Cuore della Fonte segreta,it-IT
Corne en bronze noir,Corno di bronzo nero,it-IT
Corne à cristal noir,Corno con cristallo nero,it-IT
Corpo Divino de Guyun,Corpo divino di Guyun,it-IT
Corps divin de Guyun,Corpo divino di Guyun,it-IT
Correntes do Gladiador de Dandelion,Catene del Gladiatore dei denti di leone,it-IT
Coşturan Yıllanmış Ruhani Nektar,Euforia del nettare spirituale invecchiato,it-IT
Cristal Caleidoscópico,Cristallo xenocromatico,it-IT
Cristal Etéreo,Cristallo etereo,it-IT
Cristal xénochromatique,Cristallo xenocromatico,it-IT
Cristal éthéré,Cristallo etereo,it-IT
Cristalización cromática,Cristallo xenocromatico,it-IT
Croc brisé du Loup boréal,Dente rotto del Lupo boreale,it-IT
Croc de tyran,Zanna del tiranno,it-IT
Croc fendu du Loup boréal,Zanna incrinata del Lupo boreale,it-IT
Croc mature,Zanna inveterata,it-IT
Crystal Prism,Prisma di cristallo,it-IT
Crystalline Cyst Dust,Polvere di ciste cristallina,it-IT
Cuerno con cristal negro,Corno con cristallo nero,it-IT
Cuerno de bronce negro,Corno di bronzo nero,it-IT
Cuerpo divino de Guyun,Corpo divino di Guyun,it-IT
Cuillère d'eau croupie,Campione d'acqua contaminata,it-IT
Cálice de Ouro do Mar Pristino,Calice d'oro del mare immacolato,it-IT
Cálice de Prata do Mar Pristino,Calice d'argento del mare immacolato,it-IT
Cálice de Vinho do Mar Pristino,Calice di vino del mare immacolato,it-IT
Cán Kiếm Chưa Tắt,Elsa incandescente,it-IT
Cán Kiếm Nứt Vỡ,Elsa spezzata,it-IT
Célula quimérica simbiótica,Nucleo chimerico simbiotico,it-IT
Cérémonie de l'empereur glacial,Cerimonia dell'Imperatore del gelo,it-IT
Còi Sắt Chiến Binh,Fischietto di metallo del guerriero,it-IT
Còi Vàng Võ Sĩ Saurian,Fischietto d'oro del guerriero dei Saurici,it-IT
Cúmulo de légamo,Campione d'acqua contaminata,it-IT
Cœur chimérique,Nucleo chimerico primordiale,it-IT
Cœur illusoire de feuille,Fillospirale illusoria,it-IT
Cœur spectral,Cuore spettrale,it-IT
Cố Chấp Mê Muội Của Hậu Duệ Cực Bắc,Implacabile illusione dell'Erede dell'Estremo Nord,it-IT
Daga del agente,Coltello sacrificale dell'usuraio,it-IT
Daga larga del inspector,Coltello sacrificale dell'ispettore,it-IT
Dague rituelle de l'Usurier,Coltello sacrificale dell'usuraio,it-IT
Dao Đô Thám Trưởng,Coltello sacrificale dell'ispettore,it-IT
Dao Đặc Công,Coltello sacrificale dell'usuraio,it-IT
Dark Statuette,Statuetta oscura,it-IT
Dead Ley Line Leaves,Foglie geomantiche secche,it-IT
Deathly Statuette,Statuetta malefica,it-IT
Debris of Decarabian's City,Resti della Città di Decarabian,it-IT
Decarabian'ın Destansı Parçası,Frammento dell'epopea di Decarabian,it-IT
Decarabian'ın Rüya Parçası,Frammento del sogno di Decarabian,it-IT
Decarabian'ın Yıkık Duvarı,Resti della Città di Decarabian,it-IT
Decarabians Palastfragment,Frammento dell'epopea di Decarabian,it-IT
Decarabians zerbröckelter Wall,Resti della Città di Decarabian,it-IT
Decarabians zerstörter Traum,Frammento del sogno di Decarabian,it-IT
Delirious Demeanor of the Sacred Lord,Aspetto delirante del Sacro Signore,it-IT
Delirious Desolation of the Sacred Lord,Desolazione delirante del Sacro Signore,it-IT
Delirious Divinity of the Sacred Lord,Divinità delirante del Sacro Signore,it-IT
Dendrocide Potion,Pozione dendrocida,it-IT
Dendroculus Resonance Stone,Pietra di risonanza per Dendroculi,it-IT
Dendroculus-Resonanzstein,Pietra di risonanza per Dendroculi,it-IT
Dente Rachado do Lobo Boreal,Dente rotto del Lupo boreale,it-IT
Depleted Lunar Iron,Ferro lunare consumato,it-IT
Derin Gölgenin Kancalı Gagası,Becco uncinato dell'ombra profonda,it-IT
Derin Gölgenin Sapkın Çekirdeği,Nucleo aberrante dell'ombra profonda,it-IT
Desconsuelo del Sagrado Señor delirante,Desolazione delirante del Sacro Signore,it-IT
Desejo do Instrumento Arcano,Desiderio del dispositivo ingegnoso,it-IT
Desiccant Potion,Pozione idrorepellente,it-IT
Desolação do Santo Delirante,Desolazione delirante del Sacro Signore,it-IT
Despedida do Imperador da Neve,Addio dell'Imperatore del gelo,it-IT
Destello del fuego de la larga noche,Incandescenza della Selce della Lunga notte,it-IT
Determinación del corazón sacrificial ardiente,Determinazione del cuore sacrificale ardente,it-IT
Determinação do Sacrifício do Coração Flamejante,Determinazione del cuore sacrificale ardente,it-IT
Detritos da Cidade de Decarabian,Resti della Città di Decarabian,it-IT
Deuil du jardin d'oasis,Compianto del giardino dell'oasi,it-IT
Değerli Çiçek,Fiore adorato,it-IT
Di Cốt Âm U,Resti luminescenti,it-IT
Di Sản Khí Cụ Kỳ Diệu,Eredità del dispositivo ingegnoso,it-IT
Dickichtöl,Olio essenziale silvestre,it-IT
Die Maske des Tigerbisses,Maschera del morso della tigre,it-IT
Diente roto de lobo boreal,Dente rotto del Lupo boreale,it-IT
Dinç Mantar Özü,Nucleo di Miconoide vigoroso,it-IT
Direniş Felsefesi,Filosofie della resistenza,it-IT
Direniş Rehberi,Guida alla resistenza,it-IT
Distintivo escarchado,Distintivo gelinciso,it-IT
Distintivo sofisticado,Distintivo immacolato,it-IT
Divindade do Santo Delirante,Divinità delirante del Sacro Signore,it-IT
Divine Body from Guyun,Corpo divino di Guyun,it-IT
Divinité délirante du seigneur sacré,Divinità delirante del Sacro Signore,it-IT
Dobra Bomba,Bomba precisa,it-IT
Donneröl,Olio essenziale folgorante,it-IT
Donuk Gecenin Parıltısı,Bagliore della Notte gelata,it-IT
Donuk Gecenin İhtişamı,Gloria della Notte gelata,it-IT
Donuk Yetki Belgesi,Distintivo gelinciso,it-IT
Dormant Fungal Nucleus,Nucleo di Miconoide dormiente,it-IT
Doğa Direnci İksiri,Pozione dendrocida,it-IT
Doğa Özü Rezonans Taşı,Pietra di risonanza per Dendroculi,it-IT
Dream of Dandelion Gladiator,Aspirazione del Gladiatore dei denti di leone,it-IT
Dream of Scorching Might,Sogno di possanza infuocata,it-IT
Dream of the Dandelion Gladiator,Aspirazione del Gladiatore dei denti di leone,it-IT
Dustproof Potion,Pozione antipolvere,it-IT
Dây Sắt Đấu Sĩ Nanh Sư Tử,Catene del Gladiatore dei denti di leone,it-IT
Désolation délirante du seigneur sacré,Desolazione delirante del Sacro Signore,it-IT
Dòng Suối Giọt Sương Thánh Thuần,Zampillo di Goccia di rugiada sacra pura,it-IT
Dünya Dışı Yaşam Çekirdeği,Nucleo di vita aliena,it-IT
Düzen Felsefesi,Filosofie dell'ordine,it-IT
Düzen Rehberi,Guida all'ordine,it-IT
Dự Cảm Của Làn Khói Thần Bí,Premonizione mistica del Vento della Notte,it-IT
Echo einer archaischen Serenade,Eco di un antico accordo,it-IT
Echo of an Ancient Chord,Eco di un antico accordo,it-IT
Eco de uma Corda Antiga,Eco di un antico accordo,it-IT
Eichenmehlköder,Esca bacca,it-IT
Eisenpfeife des Kriegers,Fischietto di metallo del guerriero,it-IT
Eisentalisman des Waldtaus,Talismano di ferro della rugiada silvestre,it-IT
Eixo Reforçado,Albero di trasmissione rinforzato,it-IT
Eixo de Precisão,Albero di trasmissione di precisione,it-IT
Eje del caos,Asse del caos,it-IT
Eje refinado,Albero di trasmissione di precisione,it-IT
Eje reforzado,Albero di trasmissione rinforzato,it-IT
Ekşi Yem,Esca aspra,it-IT
Electroculus Resonance Stone,Pietra di risonanza per Electroculi,it-IT
Elektrik Direnci İksiri,Pozione isolante,it-IT
Elektrik Özü Rezonans Taşı,Pietra di risonanza per Electroculi,it-IT
Elektroculus-Resonanzstein,Pietra di risonanza per Electroculi,it-IT
Elemental Nectar,Nettare energetico,it-IT
Elementarnektar,Nettare energetico,it-IT
Elixir de Mercúrio com Véu de Névoa,Elisir di mercurio della nebbia,it-IT
Elixir de Ouro com Véu de Névoa,Elisir d'oro della nebbia,it-IT
Emberglow Bait,Esca Scintillambra,it-IT
Embrasement de silex de longue nuit,Fulgore della Selce della Lunga notte,it-IT
Embriaguez del néctar espiritual de la bodega,Ebbrezza del nettare spirituale invecchiato,it-IT
Empuñadura flamígera engarzada,Elsa fiammeggiante ingioiellata,it-IT
Empuñadura flamígera fracturada,Elsa fiammeggiante incrinata,it-IT
Empuñadura hendida,Elsa spezzata,it-IT
Empuñadura imperecedera,Elsa incandescente,it-IT
Energy Nectar,Nettare energetico,it-IT
Enerji Nektarı,Nettare energetico,it-IT
Engranaje mecadinámico,Ingranaggio dinamico artificiato,it-IT
Engrenage dynamique artificié,Ingranaggio dinamico artificiato,it-IT
Engrenage à coupe droite,Ingranaggio cilindrico,it-IT
Engrenagem Dinâmica,Ingranaggio dinamico artificiato,it-IT
Engrenagem Reta,Ingranaggio cilindrico,it-IT
Entschlossenheit der inbrünstigen Opfergabe,Determinazione del cuore sacrificale ardente,it-IT
Entzündete Saat des Lebens,Seme della vita infuocato,it-IT
Erschöpftes Mond-Eisen,Ferro lunare consumato,it-IT
Escama Cristalina Etérea,Litosquama di cristallo eterea,it-IT
Escombro de la ciudad de Decarabian,Resti della Città di Decarabian,it-IT
Escultura das Profundezas,Statuetta malefica,it-IT
Escultura do Alvorecer,Statuetta oscura,it-IT
Esencia de Slime,Concentrato di Melmoso,it-IT
Esencia de rocío sagrado,Essenza di Goccia di rugiada sacra pura,it-IT
Esencia del oasis exuberante,Verità del giardino dell'oasi,it-IT
Eski Ok Başı,Punta di freccia consumata,it-IT
Esmeralda nagadus,Gemma di smeraldo Nagadus,it-IT
Esplendor del Sagrado Señor delirante,Aspetto delirante del Sacro Signore,it-IT
Esplendor do Sacrifício do Coração Flamejante,Fulgore del cuore sacrificale ardente,it-IT
Esposas de Diente de León,Manette del Gladiatore dei denti di leone,it-IT
Essence de Blob,Concentrato di Melmoso,it-IT
Essence de rosée sacrée pure,Essenza di Goccia di rugiada sacra pura,it-IT
Essence of Pure Sacred Dewdrop,Essenza di Goccia di rugiada sacra pura,it-IT
Essenz reinen heiligen Taus,Essenza di Goccia di rugiada sacra pura,it-IT
Essência da Gota de Orvalho Pura Sagrada,Essenza di Goccia di rugiada sacra pura,it-IT
Essência de Slime,Concentrato di Melmoso,it-IT
Estatuilla de las profundidades,Statuetta malefica,it-IT
Estatuilla del amanecer,Statuetta oscura,it-IT
Ethereal Crystal,Cristallo etereo,it-IT
Ethereal Crystalscale Stone,Litosquama di cristallo eterea,it-IT
Excroissance sédimentée,Escrescenza aggregata,it-IT
Exhilaration of the Cellared Spiritual Nectar,Euforia del nettare spirituale invecchiato,it-IT
Exoesqueleto Radiante,Esoscheletro radioso,it-IT
Exosquelette radieux,Esoscheletro radioso,it-IT
Exuberância do Herdeiro do Norte,Radiosità aurea dell'Erede dell'Estremo Nord,it-IT
Eşitlik Felsefesi,Filosofie di equità,it-IT
Eşitlik Rehberi,Guida all'equità,it-IT
Fabric,Stoffa,it-IT
Faca Especial,Coltello sacrificale dell'usuraio,it-IT
Faca Longa de Inspetor,Coltello sacrificale dell'ispettore,it-IT
Fake Fly Bait,Esca con mosca finta,it-IT
Falscher Fliegenköder,Esca con mosca finta,it-IT
Falscher Wurmköder,Esca con verme finto,it-IT
False Worm Bait,Esca con verme finto,it-IT
Famed Handguard,Paramano celebre,it-IT
Fanfare der Armee des Bleichsterns,Fragore dell'esercito della Candida Stella,it-IT
Fani Dünya Felsefesi,Filosofie della fugacità,it-IT
Fani Dünya Rehberi,Guida alla fugacità,it-IT
Fantasma Hydro Corrompido Recém-nascido,Fantasma di Hydro contaminato appena nato,it-IT
Fate's Yearning Essential Oil,Olio essenziale di Brama del destino,it-IT
Fausse mouche,Esca con mosca finta,it-IT
Fein verarbeiteter Amtsausweis,Distintivo immacolato,it-IT
Fer de lune immaculé,Ferro lunare immacolato,it-IT
Fer de lune vide,Ferro lunare consumato,it-IT
Ferahlatıcı Lakka Yemi,Esca Lakka rinfrescante,it-IT
Ferro Lunar Esgotado,Ferro lunare consumato,it-IT
Ferro Lunar Imaculado,Ferro lunare immacolato,it-IT
Festes Rückgrat,Ossa compatte,it-IT
Feuillage déroutant,Granfoglia stupefacente,it-IT
Feuilles mortes des lignes énergétiques,Foglie geomantiche secche,it-IT
Figur der Finsternis,Statuetta malefica,it-IT
Figur der Nacht,Statuetta oscura,it-IT
Filizlenmiş Yaşam Düğümü,Nodo germogliato della vita,it-IT
Filosofia da Admoestação,Filosofie dell'ammonimento,it-IT
Filosofia da Caridade,Filosofie della benevolenza,it-IT
Filosofia da Cultura,Filosofie dell'eleganza,it-IT
Filosofia da Disputa,Filosofie della disputa,it-IT
Filosofia da Engenhosidade,Filosofie dell'ingegno,it-IT
Filosofia da Glória,Filosofie della gloria,it-IT
Filosofia da Ignição,Filosofie della combustione,it-IT
Filosofia da Igualdade,Filosofie di equità,it-IT
Filosofia da Justiça,Filosofie della giustizia,it-IT
Filosofia da Liberdade,Filosofie della libertà,it-IT
Filosofia da Luz Celeste,Filosofie della luce,it-IT
Filosofia da Ordem,Filosofie dell'ordine,it-IT
Filosofia da Peregrinação,Filosofie dell'erranza,it-IT
Filosofia da Práxis,Filosofie della pragmatica,it-IT
Filosofia da Tenacidade,Filosofie della fermezza,it-IT
Filosofia de Esforço,Filosofie della diligenza,it-IT
Filosofia de Ouro,Filosofie dell'oro,it-IT
Filosofia de Poemas,Filosofie della poesia,it-IT
Filosofia de Prosperidade,Filosofie della prosperità,it-IT
Filosofia de Resistência,Filosofie della resistenza,it-IT
Filosofia do Conflito,Filosofie del conflitto,it-IT
Filosofia do Elísio,Filosofie dell'Elisio,it-IT
Filosofia do Luar,Filosofie del chiaro di luna,it-IT
Filosofia do Mundo Mortal,Filosofie della fugacità,it-IT
Filosofía de la contienda,Filosofie della disputa,it-IT
Filosofía de la ecuanimidad,Filosofie di equità,it-IT
Filosofía de la elegancia,Filosofie dell'eleganza,it-IT
Filosofía de la errancia,Filosofie dell'erranza,it-IT
Filosofía de la exhortación,Filosofie dell'ammonimento,it-IT
Filosofía de la gloria,Filosofie della gloria,it-IT
Filosofía de la justicia,Filosofie della giustizia,it-IT
Filosofía de la libertad,Filosofie della libertà,it-IT
Filosofía de la luz,Filosofie della luce,it-IT
Filosofía de la luz lunar,Filosofie del chiaro di luna,it-IT
Filosofía de la poesía,Filosofie della poesia,it-IT
Filosofía de la praxis,Filosofie della pragmatica,it-IT
Filosofía de la prosperidad,Filosofie della prosperità,it-IT
Filosofía de la resistencia,Filosofie della resistenza,it-IT
Filosofía de la tenacidad,Filosofie della fermezza,it-IT
Filosofía de la transitoriedad,Filosofie della fugacità,it-IT
Filosofía de las brasas,Filosofie della combustione,it-IT
Filosofía del amor,Filosofie della benevolenza,it-IT
Filosofía del conflicto,Filosofie del conflitto,it-IT
Filosofía del esfuerzo,Filosofie della diligenza,it-IT
Filosofía del ingenio,Filosofie dell'ingegno,it-IT
Filosofía del orden,Filosofie dell'ordine,it-IT
Filosofía del oro,Filosofie dell'oro,it-IT
Filosofía del paraíso,Filosofie dell'Elisio,it-IT
Flaming Essential Oil,Olio essenziale ardente,it-IT
Flamme de silex de longue nuit,Bagliore della Selce della Lunga notte,it-IT
Flammenöl,Olio essenziale ardente,it-IT
Flare of Long Night Flint,Bagliore della Selce della Lunga notte,it-IT
Flashing Maintenance Mek Bait,Esca stroboscopica per Meka manutentori,it-IT
Flecha afilada,Punta di freccia affilata,it-IT
Flecha veterana,Punta di freccia consumata,it-IT
Fleur précieuse,Fiore adorato,it-IT
Fleur épanouie d'un nomade,Fiore sbocciato del vagabondo,it-IT
Floaty Splody,Bomba esplosiva,it-IT
Flor Estimada,Fiore adorato,it-IT
Flor Florescente do Andarilho,Fiore sbocciato del vagabondo,it-IT
Flor floreciente del trashumante,Fiore sbocciato del vagabondo,it-IT
Flor velada,Fiore adorato,it-IT
Fluchschriftrolle,Pergamena maledetta,it-IT
Folha Desconcertante,Granfoglia stupefacente,it-IT
Folha Ilusória,Fillospirale illusoria,it-IT
Folha Morta de Linha Ley,Foglie geomantiche secche,it-IT
Folia do Néctar Espiritual,Baldoria del nettare spirituale invecchiato,it-IT
Fonte da Gota de Orvalho Pura Sagrada,Zampillo di Goccia di rugiada sacra pura,it-IT
Forbidden Curse Scroll,Pergamena maledetta,it-IT
Foreign Synapse,Sinapsi aliena,it-IT
Forest Essential Oil,Olio essenziale silvestre,it-IT
Fornalha do Caos,Nucleo del caos,it-IT
Fosil Kemik Parçası,Frammento d'osso fossilizzato,it-IT
Fossilized Bone Shard,Frammento d'osso fossilizzato,it-IT
Fractured Flaming Hilt,Elsa fiammeggiante incrinata,it-IT
Fragment d'agate agnidus,Frammento d'agata Agnidus,it-IT
Fragment d'améthyste vajrada,Frammento d'ametista Vajrada,it-IT
Fragment d'aérosidérite noire,Frammento di Aerosiderite,it-IT
Fragment d'os fossilisé,Frammento d'osso fossilizzato,it-IT
Fragment d'os solide,Frammento d'osso solido,it-IT
Fragment d'émeraude nagadus,Frammento di Smeraldo Nagadus,it-IT
Fragment de jade shivada,Frammento di giada Shivada,it-IT
Fragment de lazurite varunada,Frammento di lazurite Varunada,it-IT
Fragment de topaze prithiva,Frammento di topazio Prithiva,it-IT
Fragment de turquoise vayuda,Frammento di turchese Vayuda,it-IT
Fragment dispersé de Décarabian,Frammento dell'epopea di Decarabian,it-IT
Fragment of Decarabian's Epic,Frammento dell'epopea di Decarabian,it-IT
Fragmento de Aerosiderite,Frammento di Aerosiderite,it-IT
Fragmento de Ametista Vajrada,Frammento d'ametista Vajrada,it-IT
Fragmento de Esmeralda Nagadus,Frammento di Smeraldo Nagadus,it-IT
Fragmento de Jade Shivada,Frammento di giada Shivada,it-IT
Fragmento de Lazurita Varunada,Frammento di lazurite Varunada,it-IT
Fragmento de Topázio Prithiva,Frammento di topazio Prithiva,it-IT
Fragmento de Turquesa Vayuda,Frammento di turchese Vayuda,it-IT
Fragmento de amatista vajrada,Frammento d'ametista Vajrada,it-IT
Fragmento de armadura brumoso,Frammento di armatura brumoso,it-IT
Fragmento de caparazón con calor residual,Carapace posteriore caldo,it-IT
Fragmento de caparazón prismaflamígero,Carapace prismardente,it-IT
Fragmento de epopeya de Decarabian,Frammento dell'epopea di Decarabian,it-IT
Fragmento de esmeralda nagadus,Frammento di Smeraldo Nagadus,it-IT
Fragmento de hueso fosilizado,Frammento d'osso fossilizzato,it-IT
Fragmento de hueso sólido,Frammento d'osso solido,it-IT
Fragmento de jade shivada,Frammento di giada Shivada,it-IT
Fragmento de lazurita varunada,Frammento di lazurite Varunada,it-IT
Fragmento de osso fossilizado,Frammento d'osso fossilizzato,it-IT
Fragmento de osso sólido,Frammento d'osso solido,it-IT
Fragmento de siderita oscura,Frammento di Aerosiderite,it-IT
Fragmento de sueño de Decarabian,Frammento del sogno di Decarabian,it-IT
Fragmento de topacio prithiva,Frammento di topazio Prithiva,it-IT
Fragmento de turquesa vayuda,Frammento di turchese Vayuda,it-IT
Fragmento de Ágata Agnidus,Frammento d'agata Agnidus,it-IT
Fragmento de ágata agnidus,Frammento d'agata Agnidus,it-IT
Fragmento extramarino,Frammento transoceanico,it-IT
Fragmentos Épicos da Decarabian,Frammento dell'epopea di Decarabian,it-IT
Frische Triebe des Flusses der Elemente,Germoglio geomantico,it-IT
Frost-Etched Warrant,Distintivo gelinciso,it-IT
Frosting Essential Oil,Olio essenziale congelante,it-IT
Frostnight's Glory,Gloria della Notte gelata,it-IT
Frostnight's Glow,Bagliore della Notte gelata,it-IT
Frostshield Potion,Pozione antigelo,it-IT
Frostverzierter Amtsausweis,Distintivo gelinciso,it-IT
Frostöl,Olio essenziale congelante,it-IT
Fruchtpastenköder,Esca di pasta di frutta,it-IT
Fruit Paste Bait,Esca di pasta di frutta,it-IT
Fulgor da Noite Eterna,Fulgore della Selce della Lunga notte,it-IT
Fulgor de la noche escarchada,Gloria della Notte gelata,it-IT
Gaine de la source secrète,Involucro della Fonte segreta,it-IT
Garantia Gélida,Distintivo gelinciso,it-IT
Garantia Imaculada,Distintivo immacolato,it-IT
Garde-main célèbre,Paramano celebre,it-IT
Garde-main kageuchi,Paramano kageuchi,it-IT
Garra Afiada Oculta,Artiglio affilato nascosto,it-IT
Garra Fantasmagórica Oculta,Artiglio di bestia nascosto,it-IT
Garra afilada oculta,Artiglio affilato nascosto,it-IT
Garra fantasmal oculta,Artiglio di bestia nascosto,it-IT
Gebetsopfer der Nachkommen des hohen Nordens,Oblazione dell'Erede dell'Estremo Nord,it-IT
Gece Rüzgarının Mistik Kehaneti,Auspicio mistico del Vento della Notte,it-IT
Gece Rüzgarının Mistik Sezgisi,Premonizione mistica del Vento della Notte,it-IT
Gece Rüzgarının Mistik İlhamı,Rivelazione mistica del Vento della Notte,it-IT
Geheimquellen-Gehäuse,Involucro della Fonte segreta,it-IT
Geheimquellen-Kern,Cuore della Fonte segreta,it-IT
Gelbe Farbe,Tintura gialla,it-IT
Gema de Ametista Vajrada,Gemma d'ametista Vajrada,it-IT
Gema de Esmeralda Nagadus,Gemma di smeraldo Nagadus,it-IT
Gema de Jade Shivada,Gemma di giada Shivada,it-IT
Gema de Lazurita Varunada,Gemma di lazurite Varunada,it-IT
Gema de Topázio Prithiva,Gemma di topazio Prithiva,it-IT
Gema de Turquesa Vayuda,Gemma di turchese Vayuda,it-IT
Gema de Ágata Agnidus,Gemma d'agata Agnidus,it-IT
Gentillesse du jardin d'oasis,Benevolenza del giardino dell'oasi,it-IT
Geoculus Resonance Stone,Pietra di risonanza per Geoculi,it-IT
Geoculus-Resonanzstein,Pietra di risonanza per Geoculi,it-IT
Geränderte rote Seide,Seta rossa ritagliata,it-IT
Geröllöl,Olio essenziale granitico,it-IT
Gespensterherz,Cuore spettrale,it-IT
Gespensterkern,Nucleo spettrale,it-IT
Gestalt des klaren Willens,Recipiente di volontà certa,it-IT
Gewundener Kern des Lebens,Nucleo attorcigliato della vita,it-IT
Gezgin İrade Mührü,Sigillo di volontà inarrestabile,it-IT
Gizli Kaynak Yuvası,Involucro della Fonte segreta,it-IT
Gizli Kaynağın Kalbi,Cuore della Fonte segreta,it-IT
Gizli Keskin Pençe,Artiglio affilato nascosto,it-IT
Gizli Vahşi Pençe,Artiglio di bestia nascosto,it-IT
Giác Ngộ Của Làn Khói Thần Bí,Rivelazione mistica del Vento della Notte,it-IT
Giấy Phép Khắc Sương,Distintivo gelinciso,it-IT
Giấy Phép Tinh Xảo,Distintivo immacolato,it-IT
Glanz des wahnsinnigen Fürsten,Aspetto delirante del Sacro Signore,it-IT
Gleißendes Licht des Nachtfeuers,Fulgore della Selce della Lunga notte,it-IT
Glimmering Bait,Esca baluginante,it-IT
Glimmerköder,Esca baluginante,it-IT
Gloire de givrenuit,Gloria della Notte gelata,it-IT
Glorienschein der Frostnacht,Gloria della Notte gelata,it-IT
Glowing Remains,Resti luminescenti,it-IT
Glutkernköder,Esca Scintillambra,it-IT
Glänzender Stein von Guyun,Pietra lucente di Guyun,it-IT
Glória Passada do Poder Escaldante,Tempi andati di possanza infuocata,it-IT
Glória da Geada Noturna,Gloria della Notte gelata,it-IT
Gnade der Oase der blühenden Blumen,Benevolenza del giardino dell'oasi,it-IT
Gobelet d'argent de la mer immaculée,Calice d'argento del mare immacolato,it-IT
Gobelet d'or de la mer immaculée,Calice d'oro del mare immacolato,it-IT
Gobelet à vin de la mer immaculée,Calice di vino del mare immacolato,it-IT
Golden Branch of a Distant Sea,Ramo dorato di un mare lontano,it-IT
Golden Goblet of the Pristine Sea,Calice d'oro del mare immacolato,it-IT
Golden House Maiden Essential Oil,Olio essenziale di Fanciulla del Palazzo dorato,it-IT
Golden Raven Insignia,Emblema del corvo dorato,it-IT
Golden Talisman of the Forest Dew,Talismano d'oro della rugiada silvestre,it-IT
Goldkelch des unberührten Meers,Calice d'oro del mare immacolato,it-IT
Goldkugel des Nebelschleiers,Elisir d'oro della nebbia,it-IT
Goldpfeife des Saurierkriegers,Fischietto d'oro del guerriero dei Saurici,it-IT
Goldtalisman des Waldtaus,Talismano d'oro della rugiada silvestre,it-IT
Goldverwobene rote Seide,Broccato rosso sontuoso,it-IT
Goldzweig eines fernen Meeres,Ramo dorato di un mare lontano,it-IT
Gracia del oasis exuberante,Benevolenza del giardino dell'oasi,it-IT
Graine enflammée,Seme della vita infuocato,it-IT
Grama do Nevoeiro,Erbafosca,it-IT
Grande dague de l'Inspecteur,Coltello sacrificale dell'ispettore,it-IT
Graça do Jardim Oásis,Benevolenza del giardino dell'oasi,it-IT
Guardamano célebre,Paramano celebre,it-IT
Guardamano gemelo,Paramano kageuchi,it-IT
Guia da Admoestação,Guida all'ammonimento,it-IT
Guia da Caridade,Guida alla benevolenza,it-IT
Guia da Cultura,Guida all'eleganza,it-IT
Guia da Disputa,Guida alla disputa,it-IT
Guia da Engenhosidade,Guida all'ingegno,it-IT
Guia da Glória,Guida alla gloria,it-IT
Guia da Ignição,Guida alla combustione,it-IT
Guia da Igualdade,Guida all'equità,it-IT
Guia da Justiça,Guida alla giustizia,it-IT
Guia da Liberdade,Guida alla libertà,it-IT
Guia da Luz Celeste,Guida alla luce,it-IT
Guia da Ordem,Guida all'ordine,it-IT
Guia da Peregrinação,Guida all'erranza,it-IT
Guia da Práxis,Guida alla pragmatica,it-IT
Guia da Tenacidade,Guida alla fermezza,it-IT
Guia de Esforço,Guida alla diligenza,it-IT
Guia de Ouro,Guida all'oro,it-IT
Guia de Poemas,Guida alla poesia,it-IT
Guia de Prosperidade,Guida alla prosperità,it-IT
Guia de Resistência,Guida alla resistenza,it-IT
Guia do Conflito,Guida al conflitto,it-IT
Guia do Elísio,Guida all'Elisio,it-IT
Guia do Luar,Guida al chiaro di luna,it-IT
Guia do Mundo Mortal,Guida alla fugacità,it-IT
Guide de l'Admonestation,Guida all'ammonimento,it-IT
Guide de l'Errance,Guida all'erranza,it-IT
Guide de l'Ingénuité,Guida all'ingegno,it-IT
Guide de l'Or,Guida all'oro,it-IT
Guide de l'Ordre,Guida all'ordine,it-IT
Guide de l'Usage,Guida alla pragmatica,it-IT
Guide de l'Élysium,Guida all'Elisio,it-IT
Guide de l'Élégance,Guida all'eleganza,it-IT
Guide de l'Éphémère,Guida alla fugacità,it-IT
Guide de l'Équité,Guida all'equità,it-IT
Guide de la Charité,Guida alla benevolenza,it-IT
Guide de la Compétition,Guida alla disputa,it-IT
Guide de la Diligence,Guida alla diligenza,it-IT
Guide de la Gloire,Guida alla gloria,it-IT
Guide de la Justice,Guida alla giustizia,it-IT
Guide de la Liberté,Guida alla libertà,it-IT
Guide de la Lumière,Guida alla luce,it-IT
Guide de la Lune,Guida al chiaro di luna,it-IT
Guide de la Persévérance,Guida alla fermezza,it-IT
Guide de la Poésie,Guida alla poesia,it-IT
Guide de la Prospérité,Guida alla prosperità,it-IT
Guide de la Résistance,Guida alla resistenza,it-IT
Guide du Conflit,Guida al conflitto,it-IT
Guide du Petit bois,Guida alla combustione,it-IT
Guide to Admonition,Guida all'ammonimento,it-IT
Guide to Ballad,Guida alla poesia,it-IT
Guide to Charity,Guida alla benevolenza,it-IT
Guide to Conflict,Guida al conflitto,it-IT
Guide to Contention,Guida alla disputa,it-IT
Guide to Diligence,Guida alla diligenza,it-IT
Guide to Elegance,Guida all'eleganza,it-IT
Guide to Elysium,Guida all'Elisio,it-IT
Guide to Equity,Guida all'equità,it-IT
Guide to Fortitude,Guida alla fermezza,it-IT
Guide to Freedom,Guida alla libertà,it-IT
Guide to Glory,Guida alla gloria,it-IT
Guide to Gold,Guida all'oro,it-IT
Guide to Ingenuity,Guida all'ingegno,it-IT
Guide to Justice,Guida alla giustizia,it-IT
Guide to Kindling,Guida alla combustione,it-IT
Guide to Light,Guida alla luce,it-IT
Guide to Moonlight,Guida al chiaro di luna,it-IT
Guide to Order,Guida all'ordine,it-IT
Guide to Praxis,Guida alla pragmatica,it-IT
Guide to Prosperity,Guida alla prosperità,it-IT
Guide to Resistance,Guida alla resistenza,it-IT
Guide to Transience,Guida alla fugacità,it-IT
Guide to Vagrancy,Guida all'erranza,it-IT
Gushing Essential Oil,Olio essenziale sferzante,it-IT
Guyun'un Işıltılı Taşı,Pietra lucente di Guyun,it-IT
Guyun'un Kutsal Hazinesi,Corpo divino di Guyun,it-IT
Guyun'un Yadigarı,Reliquia di Guyun,it-IT
Guía de la contienda,Guida alla disputa,it-IT
Guía de la ecuanimidad,Guida all'equità,it-IT
Guía de la elegancia,Guida all'eleganza,it-IT
Guía de la errancia,Guida all'erranza,it-IT
Guía de la exhortación,Guida all'ammonimento,it-IT
Guía de la gloria,Guida alla gloria,it-IT
Guía de la justicia,Guida alla giustizia,it-IT
Guía de la libertad,Guida alla libertà,it-IT
Guía de la luz,Guida alla luce,it-IT
Guía de la luz lunar,Guida al chiaro di luna,it-IT
Guía de la poesía,Guida alla poesia,it-IT
Guía de la praxis,Guida alla pragmatica,it-IT
Guía de la prosperidad,Guida alla prosperità,it-IT
Guía de la resistencia,Guida alla resistenza,it-IT
Guía de la tenacidad,Guida alla fermezza,it-IT
Guía de la transitoriedad,Guida alla fugacità,it-IT
Guía de las brasas,Guida alla combustione,it-IT
Guía del amor,Guida alla benevolenza,it-IT
Guía del conflicto,Guida al conflitto,it-IT
Guía del esfuerzo,Guida alla diligenza,it-IT
Guía del ingenio,Guida all'ingegno,it-IT
Guía del orden,Guida all'ordine,it-IT
Guía del oro,Guida all'oro,it-IT
Guía del paraíso,Guida all'Elisio,it-IT
Gông Cùm Đấu Sĩ Nanh Sư Tử,Manette del Gladiatore dei denti di leone,it-IT
Gösterişli Balçak,Paramano celebre,it-IT
Göçebenin Çiçeği,Fiore sbocciato del vagabondo,it-IT
Gümüş Kuzgun Nişanı,Emblema del corvo argentato,it-IT
Güçlendirici Tonik,Tonico rinforzante,it-IT
Güçlendirilmiş Aks,Albero di trasmissione rinforzato,it-IT
Hassas Aks,Albero di trasmissione di precisione,it-IT
Hayali Yaprak Buklesi,Fillospirale illusoria,it-IT
Heart of the Secret Source,Cuore della Fonte segreta,it-IT
Heatshield Potion,Pozione ignifuga,it-IT
Heiligtum von Guyun,Corpo divino di Guyun,it-IT
Heimweh des borealischen Wolfs,Nostalgia del Lupo boreale,it-IT
Helle Flamme des Nachtfeuers,Bagliore della Selce della Lunga notte,it-IT
Helm des Nebels,Elmo brumoso,it-IT
Herança do Instrumento Arcano,Eredità del dispositivo ingegnoso,it-IT
Herbe brumeuse,Erbafosca,it-IT
Hesitação do Sacrifício do Coração Flamejante,Esitazione del cuore sacrificale ardente,it-IT
Hierba neblinosa,Erbafosca,it-IT
Hierro lunar inmaculado,Ferro lunare immacolato,it-IT
Hierro lunar mermado,Ferro lunare consumato,it-IT
Hilaridade do Néctar Espiritual,Euforia del nettare spirituale invecchiato,it-IT
Historic Arrowhead,Punta di freccia consumata,it-IT
Hitzebeständigkeitstrank,Pozione ignifuga,it-IT
Hiệu Lệnh Của Quân Sao Nhạt,Fragore dell'esercito della Candida Stella,it-IT
Hoa Nở Rộ Của Kẻ Lang Thang,Fiore sbocciato del vagabondo,it-IT
Hochgefühl des eingelagerten spirituellen Nektars,Euforia del nettare spirituale invecchiato,it-IT
Hoja desconcertante,Granfoglia stupefacente,it-IT
Hojas secas de líneas ley,Foglie geomantiche secche,it-IT
Honor del corazón sacrificial ardiente,Fulgore del cuore sacrificale ardente,it-IT
Hooked Beak of the Deep Shadow,Becco uncinato dell'ombra profonda,it-IT
Hot Pod,Bomba calcinatrice,it-IT
Hoàng Ngọc Cứng,Gemma di topazio Prithiva,it-IT
Hueso externo reluciente,Esoscheletro radioso,it-IT
Huile essentielle Anémo,Olio essenziale sferzante,it-IT
Huile essentielle Cryo,Olio essenziale congelante,it-IT
Huile essentielle Dendro,Olio essenziale silvestre,it-IT
Huile essentielle Géo,Olio essenziale granitico,it-IT
Huile essentielle Géo spéciale,Olio essenziale granitico speciale,it-IT
Huile essentielle Hydro,Olio essenziale idratante,it-IT
Huile essentielle Pyro,Olio essenziale ardente,it-IT
Huile essentielle de désir du destin,Olio essenziale di Brama del destino,it-IT
Huile essentielle de maîtresse de la Chambre d'Or,Olio essenziale di Fanciulla del Palazzo dorato,it-IT
Huile essentielle de menthe,Olio essenziale di menta,it-IT
Huile essentielle de tisserande de la vallée,Olio essenziale di Tessivalle,it-IT
Huile essentielle Électro,Olio essenziale folgorante,it-IT
Hydroculus Resonance Stone,Pietra di risonanza per Hydroculi,it-IT
Hydroculus-Resonanzstein,Pietra di risonanza per Hydroculi,it-IT
Hào Quang Của Hậu Duệ Cực Bắc,Radiosità aurea dell'Erede dell'Estremo Nord,it-IT
Hào Quang Ngọn Lửa Đêm Dài,Fulgore della Selce della Lunga notte,it-IT
Hésitation du cœur sacrificiel flamboyant,Esitazione del cuore sacrificale ardente,it-IT
"Hướng Dẫn Của ""Chính Nghĩa""",Guida alla giustizia,it-IT
"Hướng Dẫn Của ""Chăm Chỉ""",Guida alla diligenza,it-IT
"Hướng Dẫn Của ""Công Bằng""",Guida all'equità,it-IT
"Hướng Dẫn Của ""Hoàng Kim""",Guida all'oro,it-IT
"Hướng Dẫn Của ""Khuyên Nhủ""",Guida all'ammonimento,it-IT
"Hướng Dẫn Của ""Kháng Chiến""",Guida alla resistenza,it-IT
"Hướng Dẫn Của ""Kiên Nhẫn""",Guida alla fermezza,it-IT
"Hướng Dẫn Của ""Lang Bạt""",Guida all'erranza,it-IT
"Hướng Dẫn Của ""Lạc Viên""",Guida all'Elisio,it-IT
"Hướng Dẫn Của ""Nhã Nhặn""",Guida all'eleganza,it-IT
"Hướng Dẫn Của ""Phù Thế""",Guida alla fugacità,it-IT
"Hướng Dẫn Của ""Phồn Vinh""",Guida alla prosperità,it-IT
"Hướng Dẫn Của ""Thiêu Đốt""",Guida alla combustione,it-IT
"Hướng Dẫn Của ""Thơ Văn""",Guida alla poesia,it-IT
"Hướng Dẫn Của ""Thực Hành""",Guida alla pragmatica,it-IT
"Hướng Dẫn Của ""Tinh Tế""",Guida all'ingegno,it-IT
"Hướng Dẫn Của ""Tranh Đấu""",Guida alla disputa,it-IT
"Hướng Dẫn Của ""Trật Tự""",Guida all'ordine,it-IT
"Hướng Dẫn Của ""Tự Do""",Guida alla libertà,it-IT
"Hướng Dẫn Của ""Vinh Quang""",Guida alla gloria,it-IT
"Hướng Dẫn Của ""Xung Đột""",Guida al conflitto,it-IT
"Hướng Dẫn Của ""Yêu Thương""",Guida alla benevolenza,it-IT
"Hướng Dẫn Của ""Ánh Sáng""",Guida alla luce,it-IT
"Hướng Dẫn Của ""Ánh Trăng""",Guida al chiaro di luna,it-IT
Hạt Bay Lượn Kết Tinh,Nucleo spettrale,it-IT
Hạt Bay Lượn U Ám,Cuore spettrale,it-IT
Hạt Giống Sinh Mệnh Rực Cháy,Seme della vita infuocato,it-IT
Hạt Nhân Sinh Mệnh Dị Giới,Nucleo di vita aliena,it-IT
Hống Đơn Biển Sương Mù,Elisir di mercurio della nebbia,it-IT
Ideal des Löwenzahnkriegers,Aspirazione del Gladiatore dei denti di leone,it-IT
Ideales de Diente de León,Aspirazione del Gladiatore dei denti di leone,it-IT
Idéaux du Chevalier du Croc de Lion,Aspirazione del Gladiatore dei denti di leone,it-IT
Ignited Seed of Life,Seme della vita infuocato,it-IT
Ignited Seeing Eye,Occhio vigile infuocato,it-IT
Illusion inflexible des héritiers du grand nord,Implacabile illusione dell'Erede dell'Estremo Nord,it-IT
Illusory Leafcoil,Fillospirale illusoria,it-IT
Image de volonté claire,Recipiente di volontà certa,it-IT
Immaculate Warrant,Distintivo immacolato,it-IT
Incandescência da Geada Noturna,Bagliore della Notte gelata,it-IT
Indecisión del corazón sacrificial ardiente,Esitazione del cuore sacrificale ardente,it-IT
Insigne d'officier,Emblema del tenente,it-IT
Insigne de corbeau en argent,Emblema del corvo argentato,it-IT
Insigne de corbeau en or,Emblema del corvo dorato,it-IT
Insigne de sergent,Emblema del sergente,it-IT
Insignia de cuervo dorada,Emblema del corvo dorato,it-IT
Insignia de cuervo plateada,Emblema del corvo argentato,it-IT
Insignia del oficial,Emblema del tenente,it-IT
Insignia del sargento,Emblema del sergente,it-IT
Inspector's Sacrificial Knife,Coltello sacrificale dell'ispettore,it-IT
Insulation Potion,Pozione isolante,it-IT
Insígnia de Corvo Dourado,Emblema del corvo dorato,it-IT
Insígnia de Oficial,Emblema del tenente,it-IT
Insígnia de Sargento,Emblema del sergente,it-IT
Insígnia do Corvo Prateado,Emblema del corvo argentato,it-IT
Intoxication of the Cellared Spiritual Nectar,Ebbrezza del nettare spirituale invecchiato,it-IT
Intoxicação do Néctar Espiritual,Ebbrezza del nettare spirituale invecchiato,it-IT
Iron Talisman of the Forest Dew,Talismano di ferro della rugiada silvestre,it-IT
Isca Adocicada,Esca zuccherosa,it-IT
Isca Brilhabrasa,Esca Scintillambra,it-IT
Isca Brilhante,Esca baluginante,it-IT
Isca Cítrica,Esca aspra,it-IT
Isca de Bolota,Esca bacca,it-IT
Isca de Flash de Mecaprotetores,Esca stroboscopica per Meka manutentori,it-IT
Isca de Fruta Cristal-Espinho,Esca almandina,it-IT
Isca de Frutas,Esca di pasta di frutta,it-IT
Isca de Milhete Vermelho,Esca profumata,it-IT
Isca de Mosca Falsa,Esca con mosca finta,it-IT
Isca de Verme Falso,Esca con verme finto,it-IT
Isolationstrank,Pozione isolante,it-IT
Ivresse de nectar spirituel en cave,Euforia del nettare spirituale invecchiato,it-IT
Işık Felsefesi,Filosofie della luce,it-IT
Işık Rehberi,Guida alla luce,it-IT
Jade Branch of a Distant Sea,Ramo di giada di un mare lontano,it-IT
Jade shivada,Gemma di giada Shivada,it-IT
Jadezweig eines fernen Meeres,Ramo di giada di un mare lontano,it-IT
Jemandes geschätzte Blume,Fiore adorato,it-IT
Jeune Fantasme Hydro croupi,Fantasma di Hydro contaminato appena nato,it-IT
Jeweled Branch of a Distant Sea,Ramo prezioso di un mare lontano,it-IT
Jeweled Flaming Hilt,Elsa fiammeggiante ingioiellata,it-IT
Joie de Narukami,Gioia di Narukami,it-IT
Juwelenbesetzter Flammengriff,Elsa fiammeggiante ingioiellata,it-IT
Juwelenzweig eines fernen Meeres,Ramo prezioso di un mare lontano,it-IT
Júbilo de Narukami,Gioia di Narukami,it-IT
Júbilo del néctar espiritual de la bodega,Euforia del nettare spirituale invecchiato,it-IT
Kaderin Cilvesi Özütü,Olio essenziale di Brama del destino,it-IT
Kadim Akor Bölümü,Movimento di un antico accordo,it-IT
Kadim Akor Kuplesi,Capitolo di un antico accordo,it-IT
Kadim Akor Yankısı,Eco di un antico accordo,it-IT
Kageuchi Balçağı,Paramano kageuchi,it-IT
Kageuchi Handguard,Paramano kageuchi,it-IT
Kageuchi-Handschutz,Paramano kageuchi,it-IT
Kan Çiçeği Yemi,Esca profumata,it-IT
Kanyon Işığı Sırt Tüyü,Aletta Baratroluce,it-IT
Kaos Aksı,Asse del caos,it-IT
Kaos Cıvatası,Bullone del caos,it-IT
Kaos Devresi,Circuito del caos,it-IT
Kaos Gözü,Oculus del caos,it-IT
Kaos Modülü,Modulo del caos,it-IT
Kaos Çekirdeği,Nucleo del caos,it-IT
Kaplan Dişinin Maskesi,Maschera del morso della tigre,it-IT
Kara Heykelcik,Statuetta oscura,it-IT
Karahindiba Gladyatörü Prangası,Manette del Gladiatore dei denti di leone,it-IT
Karahindiba Gladyatörü Rüyası,Aspirazione del Gladiatore dei denti di leone,it-IT
Karahindiba Gladyatörü Zinciri,Catene del Gladiatore dei denti di leone,it-IT
Kasırga Özütü,Olio essenziale sferzante,it-IT
Kavurucu Kuvvetin Eski Günleri,Tempi andati di possanza infuocata,it-IT
Kavurucu Kuvvetin Kalan Parıltısı,Ultimo bagliore di possanza infuocata,it-IT
Kavurucu Kuvvetin Rüyası,Sogno di possanza infuocata,it-IT
Kaya Özütü,Olio essenziale granitico,it-IT
Ketten des Löwenzahnkämpfers,Catene del Gladiatore dei denti di leone,it-IT
Khánh Lễ Của Hoàng Đế Băng Giá,Cerimonia dell'Imperatore del gelo,it-IT
Khúc Cung Đàn Cổ Xưa,Capitolo di un antico accordo,it-IT
Khối Trầm Tích,Massa aggregata,it-IT
Kijin'in Maskesi,Maschera del kijin,it-IT
Kim Đơn Biển Sương Mù,Elisir d'oro della nebbia,it-IT
Kirli Su Birikintisi,Campione d'acqua contaminata,it-IT
Kiếm Cách Bản Sao,Paramano kageuchi,it-IT
Kiếm Cách Trứ Danh,Paramano celebre,it-IT
Kiếm Lửa Rực Rỡ,Elsa fiammeggiante ingioiellata,it-IT
Kiếm Lửa Tàn Lụi,Elsa fiammeggiante incrinata,it-IT
Klage des Frostkaisers,Lamento dell'Imperatore del gelo,it-IT
Klumpen pechschwarzer Aerosiderit,Frammento di Aerosiderite,it-IT
Koyu Kırmızı Sırmalı Kumaş,Broccato rosso sontuoso,it-IT
Kraliyetin İsimsiz Yasaklı İlacı,Medicina proibita senza nome della Corte regia,it-IT
Kristal Prizma,Prisma di cristallo,it-IT
Kristal Toz Kutusu,Polvere di ciste cristallina,it-IT
Kristalliner Zystenstaub,Polvere di ciste cristallina,it-IT
Kristallprisma,Prisma di cristallo,it-IT
Krähenwappen der Goldschätze,Emblema del corvo dorato,it-IT
Krähenwappen der Silberschätze,Emblema del corvo argentato,it-IT
Kumaş,Stoffa,it-IT
Kupferhorn,Corno di bronzo nero,it-IT
Kuru Ley Hattı Yaprakları,Foglie geomantiche secche,it-IT
Kusursuz Ay Demiri,Ferro lunare immacolato,it-IT
Kusursuz Yetki Belgesi,Distintivo immacolato,it-IT
Kutsal Lordun Hezeyanlı Kutsallığı,Divinità delirante del Sacro Signore,it-IT
Kutsal Lordun Hezeyanlı Perişanlığı,Desolazione delirante del Sacro Signore,it-IT
Kutsal Lordun Hezeyanlı Sureti,Aspetto delirante del Sacro Signore,it-IT
Kutup Kurdunun Kırık Dişi,Zanna incrinata del Lupo boreale,it-IT
Kutup Kurdunun Çatlak Dişi,Dente rotto del Lupo boreale,it-IT
Kutup Kurdunun Özlemi,Nostalgia del Lupo boreale,it-IT
Kırmızı Boya,Tintura rossa,it-IT
Kırık Alevli Kabza,Elsa fiammeggiante incrinata,it-IT
Kết Tinh Đại Dương,Frammento transoceanico,it-IT
Labareda da Noite Eterna,Bagliore della Selce della Lunga notte,it-IT
Lakkaisca,Esca Lakka rinfrescante,it-IT
Lakkaköder,Esca Lakka rinfrescante,it-IT
Lamento del oasis exuberante,Compianto del giardino dell'oasi,it-IT
Lamento do Imperador da Neve,Lamento dell'Imperatore del gelo,it-IT
Lanetli Parşömen,Pergamena maledetta,it-IT
Lanterna Celeste,Lanterna Xiao,it-IT
Lanterne céleste,Lanterna Xiao,it-IT
Laterne,Lanterna Xiao,it-IT
Lazurita varunada,Gemma di lazurite Varunada,it-IT
Lebewohl des Frostkaisers,Addio dell'Imperatore del gelo,it-IT
Legado del instrumento misterioso,Eredità del dispositivo ingegnoso,it-IT
Leid des wahnsinnigen Fürsten,Desolazione delirante del Sacro Signore,it-IT
Lekeli Maske,Maschera sporca,it-IT
Letztes Glimmen des Nachtfeuers,Incandescenza della Selce della Lunga notte,it-IT
Leuchtender Nektar,Nettare brillante,it-IT
Leuchtendes Außenskelett,Esoscheletro radioso,it-IT
Leuchtendes Prisma,Prisma splendente,it-IT
Leuchtendes Sporenpulver,Polline luminescente,it-IT
Ley Hattı Filizi,Germoglio geomantico,it-IT
Ley Line Sprout,Germoglio geomantico,it-IT
Licht verwirrender Blätterkern,Fillospirale illusoria,it-IT
Licht verzauberndes breites Blatt,Granfoglia stupefacente,it-IT
Lieutenant's Insignia,Emblema del tenente,it-IT
Linterna celeste,Lanterna Xiao,it-IT
Liên Kết Dị Giới,Sinapsi aliena,it-IT
Llama del fuego de la larga noche,Bagliore della Selce della Lunga notte,it-IT
Locus da Determinação Inequívoca,Recipiente di volontà certa,it-IT
Locus of a Clear Will,Recipiente di volontà certa,it-IT
Loderndes Gestaltauge,Occhio vigile infuocato,it-IT
Loderndes Panzerbruchstück,Carapace prismardente,it-IT
Lueur de silex de longue nuit,Incandescenza della Selce della Lunga notte,it-IT
Luminescent Pollen,Polline luminescente,it-IT
Lunar Fin,Aletta lunare,it-IT
Lustrous Stone from Guyun,Pietra lucente di Guyun,it-IT
Luto do Jardim Oásis,Compianto del giardino dell'oasi,it-IT
Ly Bạc Của Biển Nguyên Sơ,Calice d'argento del mare immacolato,it-IT
Ly Rượu Của Biển Nguyên Sơ,Calice di vino del mare immacolato,it-IT
Ly Vàng Của Biển Nguyên Sơ,Calice d'oro del mare immacolato,it-IT
Lá Khô Địa Mạch,Foglie geomantiche secche,it-IT
Lá Tán Xạ,Granfoglia stupefacente,it-IT
Lámina de siderita oscura,Scheggia di Aerosiderite,it-IT
Lámpara de hierba neblinosa,Ciuffi d'Erbafosca,it-IT
Lõi Bí Ẩn,Cuore della Fonte segreta,it-IT
Lõi Cành Xoắn Sinh Linh,Nucleo attorcigliato della vita,it-IT
Lõi Lá Cuộn Biến Ảo,Fillospirale illusoria,it-IT
Lõi Quái U Ám,Nucleo aberrante dell'ombra profonda,it-IT
Lý Tưởng Của Đấu Sĩ Nanh Sư Tử,Aspirazione del Gladiatore dei denti di leone,it-IT
Lăng Kính Pha Lê,Prisma di cristallo,it-IT
Lăng Kính Phát Sáng,Prisma splendente,it-IT
Lăng Kính Phân Cực,Prisma polarizzante,it-IT
Lăng Kính Vẩn Đục,Prisma torbido,it-IT
Makelloses Mond-Eisen,Ferro lunare immacolato,it-IT
Manantial de rocío sagrado,Zampillo di Goccia di rugiada sacra pura,it-IT
Mandat gelé,Distintivo gelinciso,it-IT
Mandat immaculé,Distintivo immacolato,it-IT
Mandato del ejército de la Estrella Albina,Fragore dell'esercito della Candida Stella,it-IT
Manilhas do Gladiador de Dandelion,Manette del Gladiatore dei denti di leone,it-IT
Manna-Köder,Esca zuccherosa,it-IT
Marifet Felsefesi,Filosofie dell'ingegno,it-IT
Marifet Rehberi,Guida all'ingegno,it-IT
Marked Shell,Ossa marchiate,it-IT
Masa sedimentada,Massa aggregata,it-IT
Mask of the Kijin,Maschera del kijin,it-IT
Mask of the One-Horned,Maschera del corno,it-IT
Mask of the Tiger's Bite,Maschera del morso della tigre,it-IT
Maske der Kijin,Maschera del kijin,it-IT
Maske des Einhörnigen,Maschera del corno,it-IT
Masque de la morsure du tigre,Maschera del morso della tigre,it-IT
Masque du cornu,Maschera del corno,it-IT
Masque du kijin,Maschera del kijin,it-IT
Masque sale,Maschera sporca,it-IT
Masque sinistre,Maschera nefasta,it-IT
Massa de Acreção,Massa aggregata,it-IT
Masse sédimentée,Massa aggregata,it-IT
Mavi Boya,Tintura blu,it-IT
Mecaengranaje recto,Ingranaggio cilindrico,it-IT
Mechanical Spur Gear,Ingranaggio cilindrico,it-IT
Mechanisches Stirnrad,Ingranaggio cilindrico,it-IT
Medicina prohibida sin nombre de la corte real,Medicina proibita senza nome della Corte regia,it-IT
Mekanik Düz Dişli,Ingranaggio cilindrico,it-IT
Men Say Của Tinh Chất Ủ Hầm,Ebbrezza del nettare spirituale invecchiato,it-IT
Menottes du Chevalier du Croc de Lion,Manette del Gladiatore dei denti di leone,it-IT
Mercure karstique,Elisir di mercurio della nebbia,it-IT
Merhamet Felsefesi,Filosofie della benevolenza,it-IT
Merhamet Rehberi,Guida alla benevolenza,it-IT
Mest Eden Yıllanmış Ruhani Nektar,Ebbrezza del nettare spirituale invecchiato,it-IT
Metanet Felsefesi,Filosofie della fermezza,it-IT
Metanet Rehberi,Guida alla fermezza,it-IT
Meteor Demiri Külçesi,Pezzo di Aerosiderite,it-IT
Meteor Demiri Kırıntısı,Scheggia di Aerosiderite,it-IT
Meteor Demiri Parçası,Frammento di Aerosiderite,it-IT
Meyve Ezmesi Yemi,Esca di pasta di frutta,it-IT
Mint Essential Oil,Olio essenziale di menta,it-IT
Minzöl,Olio essenziale di menta,it-IT
Mist Grass,Erbafosca,it-IT
Mist Grass Wick,Ciuffi d'Erbafosca,it-IT
Mist Veiled Gold Elixir,Elisir d'oro della nebbia,it-IT
Mist Veiled Mercury Elixir,Elisir di mercurio della nebbia,it-IT
Mist Veiled Primo Elixir,Elisir primordiale della nebbia,it-IT
Mistshroud Helmet,Elmo brumoso,it-IT
Mistshroud Plate,Frammento di armatura brumoso,it-IT
Miếng Hoàng Ngọc Cứng,Pezzo di topazio Prithiva,it-IT
Miếng Mã Não Cháy,Pezzo d'agata Agnidus,it-IT
Miếng Ngọc Bích Sinh Trưởng,Pezzo di smeraldo Nagadus,it-IT
Miếng Ngọc Băng,Pezzo di giada Shivada,it-IT
Miếng Thanh Kim Sạch,Pezzo di lazurite Varunada,it-IT
Miếng Thiên Thạch Đen,Pezzo di Aerosiderite,it-IT
Miếng Tùng Thạch Tự Tại,Pezzo di turchese Vayuda,it-IT
Miếng Tử Tinh Thắng Lợi,Pezzo d'ametista Vajrada,it-IT
Modell der raffinierten Geheimgeräte,Replica del dispositivo ingegnoso,it-IT
Module du chaos,Modulo del caos,it-IT
Mondlichtflosse,Aletta lunare,it-IT
Montre à gousset d'opérateur,Orologio comune da operativo,it-IT
Morceau d'agate agnidus,Pezzo d'agata Agnidus,it-IT
Morceau d'améthyste vajrada,Pezzo d'ametista Vajrada,it-IT
Morceau d'aérosidérite noire,Pezzo di Aerosiderite,it-IT
Morceau d'émeraude nagadus,Pezzo di smeraldo Nagadus,it-IT
Morceau de jade shivada,Pezzo di giada Shivada,it-IT
Morceau de lazurite varunada,Pezzo di lazurite Varunada,it-IT
Morceau de topaze prithiva,Pezzo di topazio Prithiva,it-IT
Morceau de turquoise vayuda,Pezzo di turchese Vayuda,it-IT
Morceau transocéanique,Frammento transoceanico,it-IT
Mouvement d'un accord ancien,Movimento di un antico accordo,it-IT
Movement of an Ancient Chord,Movimento di un antico accordo,it-IT
Movimento de uma Corda Antiga,Movimento di un antico accordo,it-IT
Movimiento de serenata arcaica,Movimento di un antico accordo,it-IT
Mucus de Blob,Secrezioni di Melmoso,it-IT
Mur abattu de Décarabian,Resti della Città di Decarabian,it-IT
Muster of the Pale Star Army,Adunata dell'esercito della Candida Stella,it-IT
Máscara Daquele com Um Chifre,Maschera del corno,it-IT
Máscara Ominosa,Maschera nefasta,it-IT
Máscara Suja,Maschera sporca,it-IT
Máscara amenazante,Maschera nefasta,it-IT
Máscara da Mordida do Tigre,Maschera del morso della tigre,it-IT
Máscara de Kijin,Maschera del kijin,it-IT
Máscara del cuerno,Maschera del corno,it-IT
Máscara del mordisco de tigre,Maschera del morso della tigre,it-IT
Máscara divina del Sagrado Señor delirante,Divinità delirante del Sacro Signore,it-IT
Máscara fantasmagórica,Maschera del kijin,it-IT
Máscara sucia,Maschera sporca,it-IT
Mã Não Cháy,Gemma d'agata Agnidus,it-IT
Mèches d'herbe brumeuse,Ciuffi d'Erbafosca,it-IT
Médicament tabou et anonyme de la cour royale,Medicina proibita senza nome della Corte regia,it-IT
Módulo del caos,Modulo del caos,it-IT
Módulo do Caos,Modulo del caos,it-IT
Mô Đun Hỗn Độn,Modulo del caos,it-IT
Müfettişin Kurban Bıçağı,Coltello sacrificale dell'ispettore,it-IT
Mühürlü Parşömen,Pergamena sigillata,it-IT
Mũ Giáp Sương Mù,Elmo brumoso,it-IT
Mũi Tên Sắc Bén,Punta di freccia affilata,it-IT
Mũi Tên Thiện Chiến,Punta di freccia consumata,it-IT
Mơ Ước Của Ánh Nắng Quyền Uy,Sogno di possanza infuocata,it-IT
Mảnh Giáp Sương Mù,Frammento di armatura brumoso,it-IT
Mảnh Giấc Mơ Tháp Cô Vương,Frammento del sogno di Decarabian,it-IT
Mảnh Hoàng Ngọc Cứng,Frammento di topazio Prithiva,it-IT
Mảnh Huyền Ảo,Cristallo etereo,it-IT
Mảnh Mã Não Cháy,Frammento d'agata Agnidus,it-IT
Mảnh Ngọc Bích Sinh Trưởng,Frammento di Smeraldo Nagadus,it-IT
Mảnh Ngọc Băng Vỡ,Frammento di giada Shivada,it-IT
Mảnh Răng Sói Bão,Zanna incrinata del Lupo boreale,it-IT
Mảnh Thanh Kim Sạch,Frammento di lazurite Varunada,it-IT
Mảnh Thiên Thạch Đen,Scheggia di Aerosiderite,it-IT
Mảnh Tùng Thạch Tự Tại,Frammento di turchese Vayuda,it-IT
Mảnh Tử Tinh Thắng Lợi,Frammento d'ametista Vajrada,it-IT
Mảnh Vỡ Tháp Cô Vương,Frammento dell'epopea di Decarabian,it-IT
Mảnh Xương Chắc Chắn,Frammento d'osso solido,it-IT
Mảnh Xương Hóa Thạch,Frammento d'osso fossilizzato,it-IT
Mẫu Khí Cụ Kỳ Diệu,Replica del dispositivo ingegnoso,it-IT
Mật Hoa Lấp Lánh,Nettare brillante,it-IT
Mật Hoa Nguyên Tố,Nettare energetico,it-IT
Mặt Nạ Bẩn,Maschera sporca,it-IT
Mặt Nạ Cắn Hổ,Maschera del morso della tigre,it-IT
Mặt Nạ Kijin,Maschera del kijin,it-IT
Mặt Nạ Một Sừng,Maschera del corno,it-IT
Mặt Nạ Xui Xẻo,Maschera nefasta,it-IT
Mỏ Móc U Ám,Becco uncinato dell'ombra profonda,it-IT
Mồi Bột Spinel,Esca almandina,it-IT
Mồi Cam Lộ,Esca zuccherosa,it-IT
Mồi Chua,Esca aspra,it-IT
Mồi Giun Giả,Esca con verme finto,it-IT
Mồi Hạt Sồi,Esca bacca,it-IT
Mồi Lakka,Esca Lakka rinfrescante,it-IT
Mồi Lên Men,Esca di pasta di frutta,it-IT
Mồi Lấp Lánh,Esca baluginante,it-IT
Mồi Lửa Ấm,Esca Scintillambra,it-IT
Mồi Nhử Robot Bảo Trì,Esca stroboscopica per Meka manutentori,it-IT
Mồi Ruồi Giả,Esca con mosca finta,it-IT
Mồi Thịt Đỏ,Esca profumata,it-IT
Một Góc Thiên Thạch Đen,Frammento di Aerosiderite,it-IT
Nachglimmen der sengenden Macht,Ultimo bagliore di possanza infuocata,it-IT
Nadadeira Lunar,Aletta lunare,it-IT
Nadadeira Luz do Abismo,Aletta Baratroluce,it-IT
Nagadus Emerald Chunk,Pezzo di smeraldo Nagadus,it-IT
Nagadus Emerald Fragment,Frammento di Smeraldo Nagadus,it-IT
Nagadus Emerald Gemstone,Gemma di smeraldo Nagadus,it-IT
Nagadus Zümrüdü Külçesi,Gemma di smeraldo Nagadus,it-IT
Nagadus Zümrüdü Kırıntısı,Frammento di Smeraldo Nagadus,it-IT
Nagadus Zümrüdü Parçası,Pezzo di smeraldo Nagadus,it-IT
Nagadus-Smaragd,Gemma di smeraldo Nagadus,it-IT
Nagadus-Smaragd-Brocken,Pezzo di smeraldo Nagadus,it-IT
Nagadus-Smaragd-Bruchstück,Frammento di Smeraldo Nagadus,it-IT
Nameless Taboo Medicine of the Royal Court,Medicina proibita senza nome della Corte regia,it-IT
"Namenlose, verbotene Medizin des Königshofs",Medicina proibita senza nome della Corte regia,it-IT
Nane Özütü,Olio essenziale di menta,it-IT
Narukami'nin Cesareti,Eroismo di Narukami,it-IT
Narukami'nin Neşesi,Gioia di Narukami,it-IT
Narukami'nin Sevgisi,Affetto di Narukami,it-IT
Narukami's Affection,Affetto di Narukami,it-IT
Narukami's Joy,Gioia di Narukami,it-IT
Narukami's Valor,Eroismo di Narukami,it-IT
Narukamis Freude,Gioia di Narukami,it-IT
Narukamis Tapferkeit,Eroismo di Narukami,it-IT
Narukamis Zuneigung,Affetto di Narukami,it-IT
Nasihat Felsefesi,Filosofie dell'ammonimento,it-IT
Nasihat Rehberi,Guida all'ammonimento,it-IT
Nebelgrasdocht,Ciuffi d'Erbafosca,it-IT
Nebelgrassäckchen,Erbafosca,it-IT
Nectar miroitant,Nettare brillante,it-IT
Nectar élémentaire,Nettare energetico,it-IT
Net İrade Odağı,Recipiente di volontà certa,it-IT
Neuartiges Uhrwerk-Zahnrad,Ingranaggio dinamico artificiato,it-IT
Neugeborener Okeanospuk,Fantasma di Hydro contaminato appena nato,it-IT
Newborn Tainted Hydro Phantasm,Fantasma di Hydro contaminato appena nato,it-IT
Nexo Quimérico Primordial,Nucleo chimerico primordiale,it-IT
Nexo de brote vital,Nodo germogliato della vita,it-IT
Nguyện Cầu Của Hậu Duệ Cực Bắc,Oblazione dell'Erede dell'Estremo Nord,it-IT
Ngưng Kết Giọt Sương Thánh Thuần,Sublimazione di Goccia di rugiada sacra pura,it-IT
Ngọc Bích Sinh Trưởng,Gemma di smeraldo Nagadus,it-IT
Ngọc Băng,Gemma di giada Shivada,it-IT
Nham Thạch Rừng Băng Giá,Pietra lucente di Guyun,it-IT
Nhánh Ngọc Của Biển Xa,Ramo prezioso di un mare lontano,it-IT
Nhánh Quỳnh Ngọc Của Biển Xa,Ramo di giada di un mare lontano,it-IT
Nhánh Vàng Của Biển Xa,Ramo dorato di un mare lontano,it-IT
Nhân Bào Nấm Bất Động,Nucleo di Miconoide dormiente,it-IT
Nhân Bào Nấm Hồi Phục,Nucleo di Miconoide vigoroso,it-IT
Nhựa Cô Đặc,Resina condensata,it-IT
Night-Wind's Mystic Augury,Auspicio mistico del Vento della Notte,it-IT
Night-Wind's Mystic Premonition,Premonizione mistica del Vento della Notte,it-IT
Night-Wind's Mystic Revelation,Rivelazione mistica del Vento della Notte,it-IT
Nostalgia del lobo boreal,Nostalgia del Lupo boreale,it-IT
Nostalgia do Lobo Boreal,Nostalgia del Lupo boreale,it-IT
Nostalgie du Loup boréal,Nostalgia del Lupo boreale,it-IT
Noyau aberrant des fonds,Nucleo aberrante dell'ombra profonda,it-IT
Noyau chimérique,Nucleo chimerico simbiotico,it-IT
Noyau d'organisme d'extramonde,Nucleo di vita aliena,it-IT
Noyau de la source secrète,Cuore della Fonte segreta,it-IT
Noyau de vie,Nucleo attorcigliato della vita,it-IT
Noyau du chaos,Nucleo del caos,it-IT
Noyau fongique dormant,Nucleo di Miconoide dormiente,it-IT
Noyau fongique robuste,Nucleo di Miconoide vigoroso,it-IT
Noyau spectral,Nucleo spettrale,it-IT
Nucleofolio difuso,Fillospirale illusoria,it-IT
Néctar Brilhante,Nettare brillante,it-IT
Néctar Elemental,Nettare energetico,it-IT
Néctar brillante,Nettare brillante,it-IT
Néctar energético,Nettare energetico,it-IT
Nódulo da Vida Crescido,Nodo germogliato della vita,it-IT
Núcleo Aberrante da Sombra Profunda,Nucleo aberrante dell'ombra profonda,it-IT
Núcleo Alienígena,Nucleo di vita aliena,it-IT
Núcleo Espectral,Nucleo spettrale,it-IT
Núcleo Fúngico Adormecido,Nucleo di Miconoide dormiente,it-IT
Núcleo Fúngico Robusto,Nucleo di Miconoide vigoroso,it-IT
Núcleo Quimérico Simbiótico,Nucleo chimerico simbiotico,it-IT
Núcleo aberrante de las profundidades insondables,Nucleo aberrante dell'ombra profonda,it-IT
Núcleo da Vida Enrolado,Nucleo attorcigliato della vita,it-IT
Núcleo enroscado vital,Nucleo attorcigliato della vita,it-IT
Núcleo espectral,Nucleo spettrale,it-IT
Núcleo fuentenigma,Cuore della Fonte segreta,it-IT
Núcleo fúngico inactivo,Nucleo di Miconoide dormiente,it-IT
Núcleo fúngico robusto,Nucleo di Miconoide vigoroso,it-IT
Núcleo vital de otro mundo,Nucleo di vita aliena,it-IT
Nỗi Buồn Vườn Hoa Ốc Đảo,Compianto del giardino dell'oasi,it-IT
Nỗi Nhớ Của Sói Bão,Nostalgia del Lupo boreale,it-IT
O Afeto de Narukami,Affetto di Narukami,it-IT
Oasis Garden's Kindness,Benevolenza del giardino dell'oasi,it-IT
Oasis Garden's Mourning,Compianto del giardino dell'oasi,it-IT
Oasis Garden's Truth,Verità del giardino dell'oasi,it-IT
Oblación de los Hijos del Lejano Norte,Oblazione dell'Erede dell'Estremo Nord,it-IT
Oblation des héritiers du grand nord,Oblazione dell'Erede dell'Estremo Nord,it-IT
Oblation of the Far-North Scions,Oblazione dell'Erede dell'Estremo Nord,it-IT
Obstinación de los Hijos del Lejano Norte,Implacabile illusione dell'Erede dell'Estremo Nord,it-IT
Obstinação do Herdeiro do Norte,Implacabile illusione dell'Erede dell'Estremo Nord,it-IT
Offenbarung der Vergänglichkeit,Rivelazione mistica del Vento della Notte,it-IT
Officer's Insignia,Emblema del tenente,it-IT
Ojo del caos,Oculus del caos,it-IT
Ojo vigía ignífero,Occhio vigile infuocato,it-IT
Okyanus Ötesi Parça,Frammento transoceanico,it-IT
Olden Days of Scorching Might,Tempi andati di possanza infuocata,it-IT
Olho Que Tudo Vê em Chamas,Occhio vigile infuocato,it-IT
Olho do Caos,Oculus del caos,it-IT
Omen der Vergänglichkeit,Auspicio mistico del Vento della Notte,it-IT
Ominous Mask,Maschera nefasta,it-IT
Ongle dissimulé,Artiglio affilato nascosto,it-IT
Operative's Constancy,Costanza dell'operativo,it-IT
Operative's Standard Pocket Watch,Orologio comune da operativo,it-IT
Or karstique,Elisir primordiale della nebbia,it-IT
Oração do Herdeiro do Norte,Oblazione dell'Erede dell'Estremo Nord,it-IT
Organismo quimérico primigenio,Nucleo chimerico primordiale,it-IT
Orman Çiyinin Altın Tılsımı,Talismano d'oro della rugiada silvestre,it-IT
Orman Çiyinin Demir Tılsımı,Talismano di ferro della rugiada silvestre,it-IT
Orman Çiyinin Gümüş Tılsımı,Talismano d'argento della rugiada silvestre,it-IT
Orman Özütü,Olio essenziale silvestre,it-IT
Parafuso do Caos,Bullone del caos,it-IT
Parchemin maudit,Pergamena maledetta,it-IT
Parchemin sigillé,Pergamena sigillata,it-IT
Parlak Dış İskelet,Esoscheletro radioso,it-IT
Parlak Polen,Polline luminescente,it-IT
Parlak Prizma,Prisma splendente,it-IT
Parlayan Kalıntılar,Resti luminescenti,it-IT
Parlayan Teknisyen Meka Yemi,Esca stroboscopica per Meka manutentori,it-IT
Parıltılı Nektar,Nettare brillante,it-IT
Pasado del poder del sol,Tempi andati di possanza infuocata,it-IT
Pasif Mantar Özü,Nucleo di Miconoide dormiente,it-IT
Passé glorieux du pouvoir brûlant,Tempi andati di possanza infuocata,it-IT
Pavio do Nevoeiro,Ciuffi d'Erbafosca,it-IT
Pedaço Transoceânico,Frammento transoceanico,it-IT
Pedaço de Aerosiderite,Scheggia di Aerosiderite,it-IT
Pedaço de Ametista Vajrada,Pezzo d'ametista Vajrada,it-IT
Pedaço de Esmeralda Nagadus,Pezzo di smeraldo Nagadus,it-IT
Pedaço de Jade Shivada,Pezzo di giada Shivada,it-IT
Pedaço de Lazurita Varunada,Pezzo di lazurite Varunada,it-IT
Pedaço de Topázio Prithiva,Pezzo di topazio Prithiva,it-IT
Pedaço de Turquesa Vayuda,Pezzo di turchese Vayuda,it-IT
Pedaço de Ágata Agnidus,Pezzo d'agata Agnidus,it-IT
Pedaços de Sonho da Decarabian,Frammento del sogno di Decarabian,it-IT
Pedra Lustrosa de Guyun,Pietra lucente di Guyun,it-IT
Pedra de Ressonância de Anemoculus,Pietra di risonanza per Anemoculi,it-IT
Pedra de Ressonância de Dendroculus,Pietra di risonanza per Dendroculi,it-IT
Pedra de Ressonância de Electroculus,Pietra di risonanza per Electroculi,it-IT
Pedra de Ressonância de Geoculus,Pietra di risonanza per Geoculi,it-IT
Pedra de Ressonância de Hydroculus,Pietra di risonanza per Hydroculi,it-IT
Pedra de Ressonância de Pyroculus,Pietra di risonanza per Pyroculi,it-IT
Perdigones de mercurio,Elisir di mercurio della nebbia,it-IT
Perdigones de oro,Elisir d'oro della nebbia,it-IT
Perdigones primordiales,Elisir primordiale della nebbia,it-IT
Pergaminho da Maldição,Pergamena maledetta,it-IT
Pergaminho do Encantamento,Pergamena sigillata,it-IT
Pergamino hechizado,Pergamena sigillata,it-IT
Pergamino maldito,Pergamena maledetta,it-IT
Perno del caos,Bullone del caos,it-IT
Petreoescama etérea,Litosquama di cristallo eterea,it-IT
Pha Lê Huyền Ảo,Litosquama di cristallo eterea,it-IT
Philosophie de l'Admonestation,Filosofie dell'ammonimento,it-IT
Philosophie de l'Errance,Filosofie dell'erranza,it-IT
Philosophie de l'Ingénuité,Filosofie dell'ingegno,it-IT
Philosophie de l'Or,Filosofie dell'oro,it-IT
Philosophie de l'Ordre,Filosofie dell'ordine,it-IT
Philosophie de l'Usage,Filosofie della pragmatica,it-IT
Philosophie de l'Élysium,Filosofie dell'Elisio,it-IT
Philosophie de l'Élégance,Filosofie dell'eleganza,it-IT
Philosophie de l'Éphémère,Filosofie della fugacità,it-IT
Philosophie de l'Équité,Filosofie di equità,it-IT
Philosophie de la Charité,Filosofie della benevolenza,it-IT
Philosophie de la Compétition,Filosofie della disputa,it-IT
Philosophie de la Diligence,Filosofie della diligenza,it-IT
Philosophie de la Gloire,Filosofie della gloria,it-IT
Philosophie de la Justice,Filosofie della giustizia,it-IT
Philosophie de la Liberté,Filosofie della libertà,it-IT
Philosophie de la Lumière,Filosofie della luce,it-IT
Philosophie de la Lune,Filosofie del chiaro di luna,it-IT
Philosophie de la Persévérance,Filosofie della fermezza,it-IT
Philosophie de la Poésie,Filosofie della poesia,it-IT
Philosophie de la Prospérité,Filosofie della prosperità,it-IT
Philosophie de la Résistance,Filosofie della resistenza,it-IT
Philosophie der „Beharrlichkeit“,Filosofie della fermezza,it-IT
Philosophie der „Eleganz“,Filosofie dell'eleganza,it-IT
Philosophie der „Ermahnung“,Filosofie dell'ammonimento,it-IT
Philosophie der „Fairness“,Filosofie di equità,it-IT
Philosophie der „Findigkeit“,Filosofie dell'ingegno,it-IT
Philosophie der „Freiheit“,Filosofie della libertà,it-IT
Philosophie der „Gerechtigkeit“,Filosofie della giustizia,it-IT
Philosophie der „Güte“,Filosofie della benevolenza,it-IT
Philosophie der „Ordnung“,Filosofie dell'ordine,it-IT
Philosophie der „Poesie“,Filosofie della poesia,it-IT
Philosophie der „Praxis“,Filosofie della pragmatica,it-IT
Philosophie der „Verbrennung“,Filosofie della combustione,it-IT
Philosophie der „Vergänglichkeit“,Filosofie della fugacità,it-IT
Philosophie der „Wanderschaft“,Filosofie dell'erranza,it-IT
Philosophie der „Zwietracht“,Filosofie del conflitto,it-IT
Philosophie des „Elysiums“,Filosofie dell'Elisio,it-IT
Philosophie des „Fleißes“,Filosofie della diligenza,it-IT
Philosophie des „Golds“,Filosofie dell'oro,it-IT
Philosophie des „Lichts“,Filosofie della luce,it-IT
Philosophie des „Mondlichts“,Filosofie del chiaro di luna,it-IT
Philosophie des „Ruhms“,Filosofie della gloria,it-IT
Philosophie des „Wettstreits“,Filosofie della disputa,it-IT
Philosophie des „Widerstands“,Filosofie della resistenza,it-IT
Philosophie des „Wohlstands“,Filosofie della prosperità,it-IT
Philosophie du Conflit,Filosofie del conflitto,it-IT
Philosophie du Petit bois,Filosofie della combustione,it-IT
Philosophies of Admonition,Filosofie dell'ammonimento,it-IT
Philosophies of Ballad,Filosofie della poesia,it-IT
Philosophies of Charity,Filosofie della benevolenza,it-IT
Philosophies of Conflict,Filosofie del conflitto,it-IT
Philosophies of Contention,Filosofie della disputa,it-IT
Philosophies of Diligence,Filosofie della diligenza,it-IT
Philosophies of Elegance,Filosofie dell'eleganza,it-IT
Philosophies of Elysium,Filosofie dell'Elisio,it-IT
Philosophies of Equity,Filosofie di equità,it-IT
Philosophies of Fortitude,Filosofie della fermezza,it-IT
Philosophies of Freedom,Filosofie della libertà,it-IT
Philosophies of Glory,Filosofie della gloria,it-IT
Philosophies of Gold,Filosofie dell'oro,it-IT
Philosophies of Ingenuity,Filosofie dell'ingegno,it-IT
Philosophies of Justice,Filosofie della giustizia,it-IT
Philosophies of Kindling,Filosofie della combustione,it-IT
Philosophies of Light,Filosofie della luce,it-IT
Philosophies of Moonlight,Filosofie del chiaro di luna,it-IT
Philosophies of Order,Filosofie dell'ordine,it-IT
Philosophies of Praxis,Filosofie della pragmatica,it-IT
Philosophies of Prosperity,Filosofie della prosperità,it-IT
Philosophies of Resistance,Filosofie della resistenza,it-IT
Philosophies of Transience,Filosofie della fugacità,it-IT
Philosophies of Vagrancy,Filosofie dell'erranza,it-IT
Phong Thái Của Thánh Chủ Mê Sảng,Aspetto delirante del Sacro Signore,it-IT
Phóng Khoáng Của Tinh Chất Ủ Hầm,Baldoria del nettare spirituale invecchiato,it-IT
Phù Hiệu Hiệu Úy,Emblema del tenente,it-IT
Phù Hiệu Sĩ Quan,Emblema del sergente,it-IT
Pico de las profundidades insondables,Becco uncinato dell'ombra profonda,it-IT
Piece of Aerosiderite,Scheggia di Aerosiderite,it-IT
Piedra reluciente de Guyun,Pietra lucente di Guyun,it-IT
Pierre d'agate agnidus,Gemma d'agata Agnidus,it-IT
Pierre d'améthyste vajrada,Gemma d'ametista Vajrada,it-IT
Pierre d'émeraude nagadus,Gemma di smeraldo Nagadus,it-IT
Pierre de jade shivada,Gemma di giada Shivada,it-IT
Pierre de lazurite varunada,Gemma di lazurite Varunada,it-IT
Pierre de résonance Anémoculus,Pietra di risonanza per Anemoculi,it-IT
Pierre de résonance Dendroculus,Pietra di risonanza per Dendroculi,it-IT
Pierre de résonance Géoculus,Pietra di risonanza per Geoculi,it-IT
Pierre de résonance Hydroculus,Pietra di risonanza per Hydroculi,it-IT
Pierre de résonance Pyroculus,Pietra di risonanza per Pyroculi,it-IT
Pierre de résonance Électroculus,Pietra di risonanza per Electroculi,it-IT
Pierre de topaze prithiva,Gemma di topazio Prithiva,it-IT
Pierre de turquoise vayuda,Gemma di turchese Vayuda,it-IT
Pieza de serenata arcaica,Capitolo di un antico accordo,it-IT
Placa da Névoa,Frammento di armatura brumoso,it-IT
Plaque de brumevoile,Frammento di armatura brumoso,it-IT
Poción anticongelante,Pozione antigelo,it-IT
Poción antihumedad,Pozione idrorepellente,it-IT
Poción antipolvo,Pozione antipolvere,it-IT
Poción cortavientos,Pozione antivento,it-IT
Poción de aislamiento,Pozione isolante,it-IT
Poción de resistencia térmica,Pozione ignifuga,it-IT
Poción dendrocida,Pozione dendrocida,it-IT
Poeira Cristalina de Cisto,Polvere di ciste cristallina,it-IT
Pofuduk Bomba,Bomba esplosiva,it-IT
Poignée enflammée fracturée,Elsa fiammeggiante incrinata,it-IT
Poignée enflammée ornée,Elsa fiammeggiante ingioiellata,it-IT
Pointe de flèche aiguisée,Punta di freccia affilata,it-IT
Pointe de flèche usée,Punta di freccia consumata,it-IT
Polarisationsprisma,Prisma polarizzante,it-IT
Polarize Prizma,Prisma polarizzante,it-IT
Polarizing Prism,Prisma polarizzante,it-IT
Polen fluorescente,Polline luminescente,it-IT
Pollen fluorescent,Polline luminescente,it-IT
Polvo quistecristalino,Polvere di ciste cristallina,it-IT
Pommeau incandescent,Elsa incandescente,it-IT
Pommeau rayé,Elsa spezzata,it-IT
Ponta de Flecha Afiada,Punta di freccia affilata,it-IT
Ponta de Flecha Usada,Punta di freccia consumata,it-IT
Portable Waypoint,Portale mobile,it-IT
Portion verunreinigten Wassers,Campione d'acqua contaminata,it-IT
Potion de résistance Anémo,Pozione antivento,it-IT
Potion de résistance Cryo,Pozione antigelo,it-IT
Potion de résistance Dendro,Pozione dendrocida,it-IT
Potion de résistance Géo,Pozione antipolvere,it-IT
Potion de résistance Hydro,Pozione idrorepellente,it-IT
Potion de résistance Pyro,Pozione ignifuga,it-IT
Potion de résistance Électro,Pozione isolante,it-IT
Pousse des lignes énergétiques,Germoglio geomantico,it-IT
Poussière cristalline de sporange,Polvere di ciste cristallina,it-IT
Poção Contra Poeira,Pozione antipolvere,it-IT
Poção Contra o Frio,Pozione antigelo,it-IT
Poção Contra o Vento,Pozione antivento,it-IT
Poção Dendrocida,Pozione dendrocida,it-IT
Poção Protetora,Pozione idrorepellente,it-IT
Poção de Resistência ao Calor,Pozione ignifuga,it-IT
Poção para Insolação,Pozione isolante,it-IT
Precision Drive Shaft,Albero di trasmissione di precisione,it-IT
Premonição Mística do Vento Noturno,Premonizione mistica del Vento della Notte,it-IT
Presa Quebrada do Lobo Boreal,Zanna incrinata del Lupo boreale,it-IT
Presa Tirana,Zanna del tiranno,it-IT
Presa Veterana,Zanna inveterata,it-IT
Presagio espiritista vientonocturno,Auspicio mistico del Vento della Notte,it-IT
Presentimiento espiritista vientonocturno,Premonizione mistica del Vento della Notte,it-IT
Prime Chimeric Nexus,Nucleo chimerico primordiale,it-IT
Primordiale Chimäre,Nucleo chimerico primordiale,it-IT
Prisma Cristalino,Prisma di cristallo,it-IT
Prisma Polarizado,Prisma polarizzante,it-IT
Prisma Radiante,Prisma splendente,it-IT
Prisma Turvo,Prisma torbido,it-IT
Prisma de cristal,Prisma di cristallo,it-IT
Prisma enturbiado,Prisma torbido,it-IT
Prisma polarizador,Prisma polarizzante,it-IT
Prisma radiante,Prisma splendente,it-IT
Prisme de cristal,Prisma di cristallo,it-IT
Prisme polarisant,Prisma polarizzante,it-IT
Prisme radieux,Prisma splendente,it-IT
Prisme trouble,Prisma torbido,it-IT
Prithiva Topaz Chunk,Pezzo di topazio Prithiva,it-IT
Prithiva Topaz Fragment,Frammento di topazio Prithiva,it-IT
Prithiva Topaz Gemstone,Gemma di topazio Prithiva,it-IT
Prithiva Topazı Külçesi,Gemma di topazio Prithiva,it-IT
Prithiva Topazı Kırıntısı,Frammento di topazio Prithiva,it-IT
Prithiva Topazı Parçası,Pezzo di topazio Prithiva,it-IT
Prithiva-Topas,Gemma di topazio Prithiva,it-IT
Prithiva-Topas-Brocken,Pezzo di topazio Prithiva,it-IT
Prithiva-Topas-Bruchstück,Frammento di topazio Prithiva,it-IT
Processador do Caos,Asse del caos,it-IT
Protetor de Mão Famoso,Paramano celebre,it-IT
Protetor de Mão Kageuchi,Paramano kageuchi,it-IT
Präzisionsbombe,Bomba precisa,it-IT
Prémonition mystique du vent nocturne,Premonizione mistica del Vento della Notte,it-IT
Punho Incandescente,Elsa incandescente,it-IT
Punho Quebrado,Elsa spezzata,it-IT
Pyroculus Resonance Stone,Pietra di risonanza per Pyroculi,it-IT
Pyroculus-Resonanzstein,Pietra di risonanza per Pyroculi,it-IT
Pólen fluorescente,Polline luminescente,it-IT
Pırıltılı Yem,Esca baluginante,it-IT
Quecksilberkugeln des Nebelschleiers,Elisir di mercurio della nebbia,it-IT
Quelle reinen heiligen Taus,Zampillo di Goccia di rugiada sacra pura,it-IT
Quiebracristal etéreo,Cristallo etereo,it-IT
Quá Khứ Của Ánh Nắng Quyền Uy,Tempi andati di possanza infuocata,it-IT
Radiant Exoskeleton,Esoscheletro radioso,it-IT
Radiant Prism,Prisma splendente,it-IT
Rama de jade del mar distante,Ramo di giada di un mare lontano,it-IT
Rama dorada del mar distante,Ramo dorato di un mare lontano,it-IT
Rama enjoyada del mar distante,Ramo prezioso di un mare lontano,it-IT
Ramo Dourado de um Mar Distante,Ramo dorato di un mare lontano,it-IT
Ramo Perolado de um Mar Distante,Ramo prezioso di un mare lontano,it-IT
Ramo de Jade de um Mar Distante,Ramo di giada di un mare lontano,it-IT
Rassemblement de l'armée pâle,Adunata dell'esercito della Candida Stella,it-IT
Rausch des eingelagerten spirituellen Nektars,Ebbrezza del nettare spirituale invecchiato,it-IT
Rayonnement doré des héritiers du grand nord,Radiosità aurea dell'Erede dell'Estremo Nord,it-IT
Red Dye,Tintura rossa,it-IT
Redrot Bait,Esca profumata,it-IT
Refah Felsefesi,Filosofie della prosperità,it-IT
Refah Rehberi,Guida alla prosperità,it-IT
Refreshing Lakka Bait,Esca Lakka rinfrescante,it-IT
Refulgencia de los Hijos del Lejano Norte,Radiosità aurea dell'Erede dell'Estremo Nord,it-IT
Reinforced Drive Shaft,Albero di trasmissione rinforzato,it-IT
Rekabet Felsefesi,Filosofie della disputa,it-IT
Rekabet Rehberi,Guida alla disputa,it-IT
Relic from Guyun,Reliquia di Guyun,it-IT
Reliquia de Guyun,Reliquia di Guyun,it-IT
Reliquie von Guyun,Reliquia di Guyun,it-IT
Reloj de bolsillo estándar de Senescal,Orologio comune da operativo,it-IT
Relíquia de Guyun,Reliquia di Guyun,it-IT
Relógio de Bolso Padrão do Servo,Orologio comune da operativo,it-IT
Remnant Glow of Scorching Might,Ultimo bagliore di possanza infuocata,it-IT
Remédio Proibido Sem Nome da Corte Real,Medicina proibita senza nome della Corte regia,it-IT
Resina Condensada,Resina condensata,it-IT
Resina concentrada,Resina condensata,it-IT
Resplandor de la noche escarchada,Bagliore della Notte gelata,it-IT
Resplandor del poder del sol,Ultimo bagliore di possanza infuocata,it-IT
Restes lumineux,Resti luminescenti,it-IT
Restos centelleantes,Resti luminescenti,it-IT
Restos da Luz Rara,Resti luminescenti,it-IT
Reunião do Exército da Estrela Azul,Adunata dell'esercito della Candida Stella,it-IT
Revelación espiritista vientonocturna,Rivelazione mistica del Vento della Notte,it-IT
Revelação Mística do Vento Noturno,Rivelazione mistica del Vento della Notte,it-IT
Revelry of the Cellared Spiritual Nectar,Baldoria del nettare spirituale invecchiato,it-IT
Reverberación de serenata arcaica,Eco di un antico accordo,it-IT
Revestimento da Fonte Secreta,Involucro della Fonte segreta,it-IT
Rich Red Brocade,Broccato rosso sontuoso,it-IT
Robust Fungal Nucleus,Nucleo di Miconoide vigoroso,it-IT
Robustes Sklerotium,Nucleo di Miconoide vigoroso,it-IT
Roca de resonancia de anemóculus,Pietra di risonanza per Anemoculi,it-IT
Roca de resonancia de dendróculus,Pietra di risonanza per Dendroculi,it-IT
Roca de resonancia de electróculus,Pietra di risonanza per Electroculi,it-IT
Roca de resonancia de geóculus,Pietra di risonanza per Geoculi,it-IT
Roca de resonancia de hydróculus,Pietra di risonanza per Hydroculi,it-IT
Roca de resonancia de pyróculus,Pietra di risonanza per Pyroculi,it-IT
Roche lustrée de Guyun,Pietra lucente di Guyun,it-IT
Rote Farbe,Tintura rossa,it-IT
Rotpastenköder,Esca profumata,it-IT
Ruhani Kristal,Cristallo etereo,it-IT
Ruhani Kristal Pul Taşı,Litosquama di cristallo eterea,it-IT
Ruhm der inbrünstigen Opfergabe,Fulgore del cuore sacrificale ardente,it-IT
Réplica de Instrumento Arcano,Replica del dispositivo ingegnoso,it-IT
Réplica del instrumento misterioso,Replica del dispositivo ingegnoso,it-IT
Réplique d'appareil artistique,Replica del dispositivo ingegnoso,it-IT
Résine condensée,Resina condensata,it-IT
Résolution du cœur sacrificiel flamboyant,Determinazione del cuore sacrificale ardente,it-IT
Révélation mystique du vent nocturne,Rivelazione mistica del Vento della Notte,it-IT
Rêve brisé de Décarabian,Frammento del sogno di Decarabian,it-IT
Rêve dominant du pouvoir brûlant,Sogno di possanza infuocata,it-IT
Rêverie de nectar spirituel en cave,Baldoria del nettare spirituale invecchiato,it-IT
Rückgrat mit gemeißeltem Muster,Ossa marchiate,it-IT
Rüstungsfragment des Nebels,Frammento di armatura brumoso,it-IT
Rüzgar Direnci İksiri,Pozione antivento,it-IT
Rüzgar Özü Rezonans Taşı,Pietra di risonanza per Anemoculi,it-IT
Răng Nanh Bạo Chúa,Zanna del tiranno,it-IT
Răng Nanh Chắc Khỏe,Zanna inveterata,it-IT
Răng Vỡ Sói Bão,Dente rotto del Lupo boreale,it-IT
Sacrificial Agent Knife,Coltello sacrificale dell'usuraio,it-IT
Saf Denizin Altın Kadehi,Calice d'oro del mare immacolato,it-IT
Saf Denizin Gümüş Kadehi,Calice d'argento del mare immacolato,it-IT
Saf Denizin Şarap Kadehi,Calice di vino del mare immacolato,it-IT
Saf Kutsal Çiy Damlası Buharı,Sublimazione di Goccia di rugiada sacra pura,it-IT
Saf Kutsal Çiy Damlası Kaynağı,Zampillo di Goccia di rugiada sacra pura,it-IT
Saf Kutsal Çiy Damlasının Özü,Essenza di Goccia di rugiada sacra pura,it-IT
Sahte Sinek Yemi,Esca con mosca finta,it-IT
Sahte Solucan Yemi,Esca con verme finto,it-IT
Sanfter Glanz der Frostnacht,Bagliore della Notte gelata,it-IT
Sarmal Yaşam Çekirdeği,Nucleo attorcigliato della vita,it-IT
Sarı Boya,Tintura gialla,it-IT
Satz einer archaischen Serenade,Movimento di un antico accordo,it-IT
Saurer Mandarinenköder,Esca aspra,it-IT
Saurian-Crowned Warrior's Golden Whistle,Fischietto d'oro del guerriero dei Saurici,it-IT
Savaşçının Metal Düdüğü,Fischietto di metallo del guerriero,it-IT
Sağlam Kabuk,Ossa compatte,it-IT
Sağlam Kemik Parçası,Frammento d'osso solido,it-IT
Scattered Piece of Decarabian's Dream,Frammento del sogno di Decarabian,it-IT
Sceau de volonté errante,Sigillo di volontà inarrestabile,it-IT
Scharfe Bolzenspitze,Punta di freccia affilata,it-IT
Schellen des Löwenzahnkämpfers,Manette del Gladiatore dei denti di leone,it-IT
Schimmernde Überreste,Resti luminescenti,it-IT
Schlafendes Sklerotium,Nucleo di Miconoide dormiente,it-IT
Schleimkondensat,Secrezioni di Melmoso,it-IT
Schleimkonzentrat,Concentrato di Melmoso,it-IT
Schnabel der tiefen Schatten,Becco uncinato dell'ombra profonda,it-IT
Schneidezahn des Eroberers,Zanna del tiranno,it-IT
Schwarzes Kristallhorn,Corno con cristallo nero,it-IT
Schwelender Schwertgriff,Elsa incandescente,it-IT
Scoop of Tainted Water,Campione d'acqua contaminata,it-IT
Seal Scroll,Pergamena sigillata,it-IT
Sealed Scroll,Pergamena sigillata,it-IT
Seasoned Fang,Zanna inveterata,it-IT
Secreção de Slime,Secrezioni di Melmoso,it-IT
Seda Vermelha Bordada,Seta rossa ritagliata,it-IT
Seda roja bordada,Seta rossa ritagliata,it-IT
Sello de voluntad patrullera,Sigillo di volontà inarrestabile,it-IT
Semente da Vida em Chamas,Seme della vita infuocato,it-IT
Semilla vital ignífera,Seme della vita infuocato,it-IT
Sergeant's Insignia,Emblema del sergente,it-IT
Serre dissimulée,Artiglio di bestia nascosto,it-IT
Shackles of Dandelion Gladiator,Manette del Gladiatore dei denti di leone,it-IT
Shackles of the Dandelion Gladiator,Manette del Gladiatore dei denti di leone,it-IT
Sharp Arrowhead,Punta di freccia affilata,it-IT
Sheath of the Secret Source,Involucro della Fonte segreta,it-IT
Shimmering Nectar,Nettare brillante,it-IT
Shivada Jade Chunk,Pezzo di giada Shivada,it-IT
Shivada Jade Fragment,Frammento di giada Shivada,it-IT
Shivada Jade Gemstone,Gemma di giada Shivada,it-IT
Shivada Yeşimi Külçesi,Gemma di giada Shivada,it-IT
Shivada Yeşimi Kırıntısı,Frammento di giada Shivada,it-IT
Shivada Yeşimi Parçası,Pezzo di giada Shivada,it-IT
Shivada-Jade,Gemma di giada Shivada,it-IT
Shivada-Jade-Brocken,Pezzo di giada Shivada,it-IT
Shivada-Jade-Bruchstück,Frammento di giada Shivada,it-IT
Shocking Essential Oil,Olio essenziale folgorante,it-IT
Sifflet en métal de guerrier,Fischietto di metallo del guerriero,it-IT
Sifflet en or de guerrier couronné par les sauriens,Fischietto d'oro del guerriero dei Saurici,it-IT
Sigil of a Striding Will,Sigillo di volontà inarrestabile,it-IT
Silbato de hierro del guerrero,Fischietto di metallo del guerriero,it-IT
Silbato de oro del soldado sauriocoronado,Fischietto d'oro del guerriero dei Saurici,it-IT
Silberkelch des unberührten Meers,Calice d'argento del mare immacolato,it-IT
Silbertalisman des Waldtaus,Talismano d'argento della rugiada silvestre,it-IT
Silver Goblet of the Pristine Sea,Calice d'argento del mare immacolato,it-IT
Silver Raven Insignia,Emblema del corvo argentato,it-IT
Silver Talisman of the Forest Dew,Talismano d'argento della rugiada silvestre,it-IT
Simbiyotik Kimerik Çekirdek,Nucleo chimerico simbiotico,it-IT
Sinapse Alienígena,Sinapsi aliena,it-IT
Sinapsis extrínseca,Sinapsi aliena,it-IT
Sis Kaplı Altın Cevher,Elisir d'oro della nebbia,it-IT
Sis Kaplı Cıva Cevher,Elisir di mercurio della nebbia,it-IT
Sis Kaplı Üstün Cevher,Elisir primordiale della nebbia,it-IT
Sis Miğferi,Elmo brumoso,it-IT
Sis Otu,Erbafosca,it-IT
Sis Otu Fitili,Ciuffi d'Erbafosca,it-IT
Sis Plakası,Frammento di armatura brumoso,it-IT
Sivri Ok Başı,Punta di freccia affilata,it-IT
Siyah Bronz Boynuz,Corno di bronzo nero,it-IT
Siyah Kristal Boynuz,Corno con cristallo nero,it-IT
Slime Concentrate,Concentrato di Melmoso,it-IT
Slime Secretions,Secrezioni di Melmoso,it-IT
Sofrimento Místico do Vento Noturno,Auspicio mistico del Vento della Notte,it-IT
Soie rouge brodée,Seta rossa ritagliata,it-IT
Soluk Yıldız Ordusunun Zaferi,Trionfo dell'esercito della Candida Stella,it-IT
Soluk Yıldız Ordusunun Çağrısı,Fragore dell'esercito della Candida Stella,it-IT
Soluk Yıldız Ordusunun İçtiması,Adunata dell'esercito della Candida Stella,it-IT
Sonho do Gladiador de Dandelion,Aspirazione del Gladiatore dei denti di leone,it-IT
Sonho do Poder Escaldante,Sogno di possanza infuocata,it-IT
Souhait d'appareil artistique,Desiderio del dispositivo ingegnoso,it-IT
Sour Bait,Esca aspra,it-IT
Source de rosée sacrée pure,Zampillo di Goccia di rugiada sacra pura,it-IT
Special Unmoving Essential Oil,Olio essenziale granitico speciale,it-IT
Spectral Heart,Cuore spettrale,it-IT
Spectral Nucleus,Nucleo spettrale,it-IT
Spezial-Geröllöl,Olio essenziale granitico speciale,it-IT
Spinel ve Tahıl Meyvesi Yemi,Esca almandina,it-IT
Spinelgrain Bait,Esca almandina,it-IT
Spinell- und Kornfruchtköder,Esca almandina,it-IT
Spinelpulp Bait,Esca almandina,it-IT
Splendeur du cœur sacrificiel flamboyant,Fulgore del cuore sacrificale ardente,it-IT
Splintered Hilt,Elsa spezzata,it-IT
Splitterbombe,Bomba esplosiva,it-IT
Spring of Pure Sacred Dewdrop,Zampillo di Goccia di rugiada sacra pura,it-IT
Sprossknoten des Lebens,Nodo germogliato della vita,it-IT
Sprout Node of Life,Nodo germogliato della vita,it-IT
Squelette sacré de Guyun,Reliquia di Guyun,it-IT
Stabiles Knochenstück,Frammento d'osso solido,it-IT
Stained Mask,Maschera sporca,it-IT
Standardtaschenuhr der Dienerin,Orologio comune da operativo,it-IT
Statuette maléfique,Statuetta malefica,it-IT
Statuette maudite,Statuetta oscura,it-IT
Staubabweisungstrank,Pozione antipolvere,it-IT
Still-Smoldering Hilt,Elsa incandescente,it-IT
Stoff,Stoffa,it-IT
Strahlender Glanz der Nachkommen des hohen Nordens,Radiosità aurea dell'Erede dell'Estremo Nord,it-IT
Straight Shooter,Bomba precisa,it-IT
Streaming Essential Oil,Olio essenziale idratante,it-IT
Strength Tonic,Tonico rinforzante,it-IT
Sturdy Bone Shard,Frammento d'osso solido,it-IT
Sturdy Shell,Ossa compatte,it-IT
Sturmöl,Olio essenziale sferzante,it-IT
Stückchen pechschwarzer Aerosiderit,Scheggia di Aerosiderite,it-IT
Su Direnci İksiri,Pozione idrorepellente,it-IT
Su Özü Rezonans Taşı,Pietra di risonanza per Hydroculi,it-IT
Subay Nişanı,Emblema del tenente,it-IT
Sublimación de rocío sagrado,Sublimazione di Goccia di rugiada sacra pura,it-IT
Sublimation de rosée sacrée pure,Sublimazione di Goccia di rugiada sacra pura,it-IT
Sublimation of Pure Sacred Dewdrop,Sublimazione di Goccia di rugiada sacra pura,it-IT
Sublimation reinen heiligen Taus,Sublimazione di Goccia di rugiada sacra pura,it-IT
Sublimação da Gota de Orvalho Pura Sagrada,Sublimazione di Goccia di rugiada sacra pura,it-IT
Succession d'appareil artistique,Eredità del dispositivo ingegnoso,it-IT
Sueño del poder del sol,Sogno di possanza infuocata,it-IT
Sugardew Bait,Esca zuccherosa,it-IT
Symbiontischer chimärischer Nukleus,Nucleo chimerico simbiotico,it-IT
Symbiotic Chimeric Nucleus,Nucleo chimerico simbiotico,it-IT
Synapse étrangère,Sinapsi aliena,it-IT
Símbolo da Determinação Andarilha,Sigillo di volontà inarrestabile,it-IT
Sönmüş Ay Demiri,Ferro lunare consumato,it-IT
Sürüngen Taçlı Savaşçının Altın Düdüğü,Fischietto d'oro del guerriero dei Saurici,it-IT
Sıcak Sırt Kabuğu,Carapace posteriore caldo,it-IT
Sảng Khoái Của Tinh Chất Ủ Hầm,Euforia del nettare spirituale invecchiato,it-IT
Sắt Mặt Trăng Cạn Kiệt,Ferro lunare consumato,it-IT
Sắt Mặt Trăng Thuần Khiết,Ferro lunare immacolato,it-IT
Sở Thích Của Narukami,Gioia di Narukami,it-IT
Sừng Hắc Tinh,Corno con cristallo nero,it-IT
Sừng Đồng Đen,Corno di bronzo nero,it-IT
Sự Bi Thương Của Thánh Chủ Mê Sảng,Desolazione delirante del Sacro Signore,it-IT
Sự Chuyển Dời Của Biển Sương Mù,Elisir primordiale della nebbia,it-IT
Sự Do Dự Của Trái Tim Hiến Tế,Esitazione del cuore sacrificale ardente,it-IT
Sự Quyết Đoán Của Trái Tim Hiến Tế,Determinazione del cuore sacrificale ardente,it-IT
Sự Vinh Dự Của Trái Tim Hiến Tế,Fulgore del cuore sacrificale ardente,it-IT
Talisman des wandernden Willens,Sigillo di volontà inarrestabile,it-IT
Talisman en argent de la rosée,Talismano d'argento della rugiada silvestre,it-IT
Talisman en fer de la rosée,Talismano di ferro della rugiada silvestre,it-IT
Talisman en or de la rosée,Talismano d'oro della rugiada silvestre,it-IT
Talismán de metal del rocío,Talismano di ferro della rugiada silvestre,it-IT
Talismán de oro del rocío,Talismano d'oro della rugiada silvestre,it-IT
Talismán de plata del rocío,Talismano d'argento della rugiada silvestre,it-IT
Talismã de Ferro do Orvalho Florestal,Talismano di ferro della rugiada silvestre,it-IT
Talismã de Ouro do Orvalho Florestal,Talismano d'oro della rugiada silvestre,it-IT
Talismã de Prata do Orvalho Florestal,Talismano d'argento della rugiada silvestre,it-IT
Taşınabilir Portal,Portale mobile,it-IT
Tecido,Stoffa,it-IT
Tecrübeli Diş,Zanna inveterata,it-IT
Tefecinin Kurban Bıçağı,Coltello sacrificale dell'usuraio,it-IT
Teinture bleue,Tintura blu,it-IT
Teinture jaune,Tintura gialla,it-IT
Teinture rouge,Tintura rossa,it-IT
Tekboynuzun Maskesi,Maschera del corno,it-IT
Tela,Stoffa,it-IT
Teleporte Portátil,Portale mobile,it-IT
Teletransportador portátil,Portale mobile,it-IT
Thanh Kim Sạch,Gemma di lazurite Varunada,it-IT
The Frost Emperor's Ceremony,Cerimonia dell'Imperatore del gelo,it-IT
The Frost Emperor's Farewell,Addio dell'Imperatore del gelo,it-IT
The Frost Emperor's Lament,Lamento dell'Imperatore del gelo,it-IT
Thunderclap Essential Oil,Olio essenziale folgorante,it-IT
Thuốc Chịu Lạnh,Pozione antigelo,it-IT
Thuốc Chịu Nhiệt,Pozione ignifuga,it-IT
Thuốc Chống Bụi,Pozione antipolvere,it-IT
Thuốc Chống Ẩm,Pozione idrorepellente,it-IT
Thuốc Cấm Vô Danh Của Cung Đình,Medicina proibita senza nome della Corte regia,it-IT
Thuốc Kháng Phong,Pozione antivento,it-IT
Thuốc Nhuộm Lam,Tintura blu,it-IT
Thuốc Nhuộm Vàng,Tintura gialla,it-IT
Thuốc Nhuộm Đỏ,Tintura rossa,it-IT
Thuốc Thảo Dược,Pozione dendrocida,it-IT
Thuốc Tuyệt Duyên,Pozione isolante,it-IT
Thánh Cốt Rừng Băng Giá,Reliquia di Guyun,it-IT
Thần Thể Rừng Băng Giá,Corpo divino di Guyun,it-IT
Thần Tính Của Thánh Chủ Mê Sảng,Divinità delirante del Sacro Signore,it-IT
Thể Lai Ghép Nguyên Thủy,Nucleo chimerico primordiale,it-IT
Thể Tăng Sinh Trầm Tích,Escrescenza aggregata,it-IT
Thời Khắc Của Đặc Vụ,Costanza dell'operativo,it-IT
Tia Sáng Của Ánh Nắng Quyền Uy,Ultimo bagliore di possanza infuocata,it-IT
Tinh Chất Giọt Sương Thánh Thuần,Essenza di Goccia di rugiada sacra pura,it-IT
Tinh Dầu Bàn Thạch,Olio essenziale granitico,it-IT
Tinh Dầu Bàn Thạch Đặc Biệt,Olio essenziale granitico speciale,it-IT
Tinh Dầu Băng Giá,Olio essenziale congelante,it-IT
Tinh Dầu Bạc Hà,Olio essenziale di menta,it-IT
Tinh Dầu Cuồng Phong,Olio essenziale sferzante,it-IT
Tinh Dầu Kích Lưu,Olio essenziale idratante,it-IT
Tinh Dầu Liệt Hỏa,Olio essenziale ardente,it-IT
Tinh Dầu Sấm Sét,Olio essenziale folgorante,it-IT
Tinh Dầu Tùng Lâm,Olio essenziale silvestre,it-IT
Tinh Slime,Secrezioni di Melmoso,it-IT
Tinh Thạch Dị Sắc,Cristallo xenocromatico,it-IT
"Tinh dầu ""Kim Ốc Tàng Kiều""",Olio essenziale di Fanciulla del Palazzo dorato,it-IT
"Tinh dầu ""Phiêu Miểu Tiên Duyên""",Olio essenziale di Brama del destino,it-IT
"Tinh dầu ""Sơn Âm Cẩm Thốc""",Olio essenziale di Tessivalle,it-IT
Tinta Amarela,Tintura gialla,it-IT
Tinta Azul,Tintura blu,it-IT
Tinta Vermelha,Tintura rossa,it-IT
Tinte amarillo,Tintura gialla,it-IT
Tinte azul,Tintura blu,it-IT
Tinte rojo,Tintura rossa,it-IT
Tiranın Dişi,Zanna del tiranno,it-IT
Tissu,Stoffa,it-IT
Tiếng Vọng Cung Đàn Cổ Xưa,Eco di un antico accordo,it-IT
Tonique de force,Tonico rinforzante,it-IT
Topacio prithiva,Gemma di topazio Prithiva,it-IT
Toprak Direnci İksiri,Pozione antipolvere,it-IT
Toprak Özü Rezonans Taşı,Pietra di risonanza per Geoculi,it-IT
Tragbarer Teleportationspunkt,Portale mobile,it-IT
Transoceanic Chunk,Frammento transoceanico,it-IT
Transozeanischer Brocken,Frammento transoceanico,it-IT
Trauer der Oase der blühenden Blumen,Compianto del giardino dell'oasi,it-IT
Traum der sengenden Macht,Sogno di possanza infuocata,it-IT
Treasured Flower,Fiore adorato,it-IT
Trimmed Red Silk,Seta rossa ritagliata,it-IT
Triomphe de l'armée pâle,Trionfo dell'esercito della Candida Stella,it-IT
Triumph der Armee des Bleichsterns,Trionfo dell'esercito della Candida Stella,it-IT
Triumph of the Pale Star Army,Trionfo dell'esercito della Candida Stella,it-IT
Triunfo del ejército de la Estrella Albina,Trionfo dell'esercito della Candida Stella,it-IT
Triunfo do Exército da Estrela Azul,Trionfo dell'esercito della Candida Stella,it-IT
"Triết Học Của ""Chính Nghĩa""",Filosofie della giustizia,it-IT
"Triết Học Của ""Chăm Chỉ""",Filosofie della diligenza,it-IT
"Triết Học Của ""Công Bằng""",Filosofie di equità,it-IT
"Triết Học Của ""Hoàng Kim""",Filosofie dell'oro,it-IT
"Triết Học Của ""Khuyên Nhủ""",Filosofie dell'ammonimento,it-IT
"Triết Học Của ""Kháng Chiến""",Filosofie della resistenza,it-IT
"Triết Học Của ""Kiên Nhẫn""",Filosofie della fermezza,it-IT
"Triết Học Của ""Lang Bạt""",Filosofie dell'erranza,it-IT
"Triết Học Của ""Lạc Viên""",Filosofie dell'Elisio,it-IT
"Triết Học Của ""Nhã Nhặn""",Filosofie dell'eleganza,it-IT
"Triết Học Của ""Phù Thế""",Filosofie della fugacità,it-IT
"Triết Học Của ""Phồn Vinh""",Filosofie della prosperità,it-IT
"Triết Học Của ""Thiêu Đốt""",Filosofie della combustione,it-IT
"Triết Học Của ""Thơ Văn""",Filosofie della poesia,it-IT
"Triết Học Của ""Thực Hành""",Filosofie della pragmatica,it-IT
"Triết Học Của ""Tinh Tế""",Filosofie dell'ingegno,it-IT
"Triết Học Của ""Tranh Đấu""",Filosofie della disputa,it-IT
"Triết Học Của ""Trật Tự""",Filosofie dell'ordine,it-IT
"Triết Học Của ""Tự Do""",Filosofie della libertà,it-IT
"Triết Học Của ""Vinh Quang""",Filosofie della gloria,it-IT
"Triết Học Của ""Xung Đột""",Filosofie del conflitto,it-IT
"Triết Học Của ""Yêu Thương""",Filosofie della benevolenza,it-IT
"Triết Học Của ""Ánh Sáng""",Filosofie della luce,it-IT
"Triết Học Của ""Ánh Trăng""",Filosofie del chiaro di luna,it-IT
Trockenmitteltrank,Pozione idrorepellente,it-IT
Trozo de amatista vajrada,Pezzo d'ametista Vajrada,it-IT
Trozo de esmeralda nagadus,Pezzo di smeraldo Nagadus,it-IT
Trozo de jade shivada,Pezzo di giada Shivada,it-IT
Trozo de lazurita varunada,Pezzo di lazurite Varunada,it-IT
Trozo de siderita oscura,Pezzo di Aerosiderite,it-IT
Trozo de topacio prithiva,Pezzo di topazio Prithiva,it-IT
Trozo de turquesa vayuda,Pezzo di turchese Vayuda,it-IT
Trozo de ágata agnidus,Pezzo d'agata Agnidus,it-IT
Trái Tim Hỗn Độn,Nucleo del caos,it-IT
Trübes Prisma,Prisma torbido,it-IT
Trục Quay Gia Cố,Albero di trasmissione rinforzato,it-IT
Trục Quay Tinh Chế,Albero di trasmissione di precisione,it-IT
Turbid Prism,Prisma torbido,it-IT
Turquesa vayuda,Gemma di turchese Vayuda,it-IT
Tyrant's Fang,Zanna del tiranno,it-IT
Tàn Ảnh Ngọn Lửa Đêm Dài,Incandescenza della Selce della Lunga notte,it-IT
Tâm Nguyện Khí Cụ Kỳ Diệu,Desiderio del dispositivo ingegnoso,it-IT
Téléporteur de poche,Portale mobile,it-IT
Tình Yêu Của Narukami,Affetto di Narukami,it-IT
Tónica fortalecedora,Tonico rinforzante,it-IT
Tùng Thạch Tự Tại,Gemma di turchese Vayuda,it-IT
Túi Cỏ Hư Vô,Erbafosca,it-IT
Tượng Bóng Đêm,Statuetta oscura,it-IT
Tượng Tử Thần,Statuetta malefica,it-IT
Tập Kết Của Quân Sao Nhạt,Adunata dell'esercito della Candida Stella,it-IT
Tế Bào Lai Ghép,Nucleo chimerico simbiotico,it-IT
Từ Biệt Của Hoàng Đế Băng Giá,Addio dell'Imperatore del gelo,it-IT
Tử Tinh Thắng Lợi,Gemma d'ametista Vajrada,it-IT
Unblemished Lunar Iron,Ferro lunare immacolato,it-IT
Unheilvolle Maske,Maschera nefasta,it-IT
Unkrautvernichtungstrank,Pozione dendrocida,it-IT
Unmoving Essential Oil,Olio essenziale granitico,it-IT
Unterstützungs-Mecha-Leuchtköder,Esca stroboscopica per Meka manutentori,it-IT
Unyielding Delusion of the Far-North Scions,Implacabile illusione dell'Erede dell'Estremo Nord,it-IT
Usta İşi Cihaz Dileği,Desiderio del dispositivo ingegnoso,it-IT
Usta İşi Cihaz Mirası,Eredità del dispositivo ingegnoso,it-IT
Usta İşi Cihaz Replikası,Replica del dispositivo ingegnoso,it-IT
Usta İşi Dinamik Dişli,Ingranaggio dinamico artificiato,it-IT
Uy Dũng Của Narukami,Eroismo di Narukami,it-IT
Uygulama Felsefesi,Filosofie della pragmatica,it-IT
Uygulama Rehberi,Guida alla pragmatica,it-IT
Uzak Denizlerin Altın Dalı,Ramo dorato di un mare lontano,it-IT
Uzak Denizlerin Kıymetli Dalı,Ramo prezioso di un mare lontano,it-IT
Uzak Denizlerin Yeşim Dalı,Ramo di giada di un mare lontano,it-IT
Uzak Kuzeyin Çocuklarının Adağı,Oblazione dell'Erede dell'Estremo Nord,it-IT
Uzak Kuzeyin Çocuklarının Yaldızlı İhtişamı,Radiosità aurea dell'Erede dell'Estremo Nord,it-IT
Uzak Kuzeyin Çocuklarının Yenilmez Sanrısı,Implacabile illusione dell'Erede dell'Estremo Nord,it-IT
Uzun Gece Ateşinin Işıltısı,Fulgore della Selce della Lunga notte,it-IT
Uzun Gece Ateşinin Kalıntısı,Incandescenza della Selce della Lunga notte,it-IT
Uzun Gece Ateşinin Titrek Işığı,Bagliore della Selce della Lunga notte,it-IT
Uçarlop Cevheri,Nucleo spettrale,it-IT
Uçarlop Kalbi,Cuore spettrale,it-IT
Uğursuz Maske,Maschera nefasta,it-IT
Vadi Çulhası Özütü,Olio essenziale di Tessivalle,it-IT
Vaha Bahçesi Gerçeği,Verità del giardino dell'oasi,it-IT
Vaha Bahçesi Matemi,Compianto del giardino dell'oasi,it-IT
Vaha Bahçesi Zarafeti,Benevolenza del giardino dell'oasi,it-IT
Vaillance de Narukami,Eroismo di Narukami,it-IT
Vaina mecánica fuentenigma,Involucro della Fonte segreta,it-IT
Vajrada Amethyst Chunk,Pezzo d'ametista Vajrada,it-IT
Vajrada Amethyst Fragment,Frammento d'ametista Vajrada,it-IT
Vajrada Amethyst Gemstone,Gemma d'ametista Vajrada,it-IT
Vajrada Ametisti Külçesi,Gemma d'ametista Vajrada,it-IT
Vajrada Ametisti Kırıntısı,Frammento d'ametista Vajrada,it-IT
Vajrada Ametisti Parçası,Pezzo d'ametista Vajrada,it-IT
Vajrada-Amethyst,Gemma d'ametista Vajrada,it-IT
Vajrada-Amethyst-Brocken,Pezzo d'ametista Vajrada,it-IT
Vajrada-Amethyst-Bruchstück,Frammento d'ametista Vajrada,it-IT
Valentía de Narukami,Eroismo di Narukami,it-IT
Valley Weaver Essential Oil,Olio essenziale di Tessivalle,it-IT
Varunada Lazurite Chunk,Pezzo di lazurite Varunada,it-IT
Varunada Lazurite Fragment,Frammento di lazurite Varunada,it-IT
Varunada Lazurite Gemstone,Gemma di lazurite Varunada,it-IT
Varunada Lazuriti Külçesi,Gemma di lazurite Varunada,it-IT
Varunada Lazuriti Kırıntısı,Frammento di lazurite Varunada,it-IT
Varunada Lazuriti Parçası,Pezzo di lazurite Varunada,it-IT
Varunada-Lasurit,Gemma di lazurite Varunada,it-IT
Varunada-Lasurit-Brocken,Pezzo di lazurite Varunada,it-IT
Varunada-Lasurit-Bruchstück,Frammento di lazurite Varunada,it-IT
Vayuda Turkuazı Külçesi,Gemma di turchese Vayuda,it-IT
Vayuda Turkuazı Kırıntısı,Frammento di turchese Vayuda,it-IT
Vayuda Turkuazı Parçası,Pezzo di turchese Vayuda,it-IT
Vayuda Turquoise Chunk,Pezzo di turchese Vayuda,it-IT
Vayuda Turquoise Fragment,Frammento di turchese Vayuda,it-IT
Vayuda Turquoise Gemstone,Gemma di turchese Vayuda,it-IT
Vayuda-Türkis,Gemma di turchese Vayuda,it-IT
Vayuda-Türkis-Brocken,Pezzo di turchese Vayuda,it-IT
Vayuda-Türkis-Bruchstück,Frammento di turchese Vayuda,it-IT
Ver factice,Esca con verme finto,it-IT
Verblendeter Trotz der Nachkommen des hohen Nordens,Implacabile illusione dell'Erede dell'Estremo Nord,it-IT
Verdade do Jardim Oásis,Verità del giardino dell'oasi,it-IT
Verdorrte Blätter des Flusses der Elemente,Foglie geomantiche secche,it-IT
Verdreckte Maske,Maschera sporca,it-IT
Verfeinerte Maschinenachse,Albero di trasmissione di precisione,it-IT
Vergangenheit der sengenden Macht,Tempi andati di possanza infuocata,it-IT
Vermächtnis der raffinierten Geheimgeräte,Eredità del dispositivo ingegnoso,it-IT
Versteckte Monsterklauen,Artiglio affilato nascosto,it-IT
Versteckte Monsterkrallen,Artiglio di bestia nascosto,it-IT
Versteinertes Knochenstück,Frammento d'osso fossilizzato,it-IT
Verstärkte Maschinenachse,Albero di trasmissione rinforzato,it-IT
Vinh Quang Đêm Sương,Gloria della Notte gelata,it-IT
Vis du chaos,Bullone del caos,it-IT
Vorahnung der Vergänglichkeit,Premonizione mistica del Vento della Notte,it-IT
Vuốt Quỷ Ma Thú,Artiglio di bestia nascosto,it-IT
Vuốt Sắt Ma Thú,Artiglio affilato nascosto,it-IT
Vây Thú Ánh Sáng Vực Thẳm,Aletta Baratroluce,it-IT
Vây Thú Ánh Trăng,Aletta lunare,it-IT
Vérité du jardin d'oasis,Verità del giardino dell'oasi,it-IT
Vải Vóc,Stoffa,it-IT
Vật Chứa Ý Chí Thông Suốt,Recipiente di volontà certa,it-IT
Vỏ Lăng Kính Rực Cháy,Carapace prismardente,it-IT
Vỏ Lưng Ấm Áp,Carapace posteriore caldo,it-IT
Vỏ Máy Bí Ẩn,Involucro della Fonte segreta,it-IT
Wahrheit der Oase der blühenden Blumen,Verità del giardino dell'oasi,it-IT
Wanderer's Blooming Flower,Fiore sbocciato del vagabondo,it-IT
Warm Back-Shell,Carapace posteriore caldo,it-IT
Warmes Panzerbruchstück,Carapace posteriore caldo,it-IT
Warrior's Metal Whistle,Fischietto di metallo del guerriero,it-IT
Weathered Arrowhead,Punta di freccia consumata,it-IT
Weinkelch des unberührten Meers,Calice di vino del mare immacolato,it-IT
Wildwasseröl,Olio essenziale idratante,it-IT
Windbarrier Potion,Pozione antivento,it-IT
Windstilltrank,Pozione antivento,it-IT
Wine Goblet of the Pristine Sea,Calice di vino del mare immacolato,it-IT
Winterhärtetrank,Pozione antigelo,it-IT
Wunderkugel des Nebelschleiers,Elisir primordiale della nebbia,it-IT
Wunsch der raffinierten Geheimgeräte,Desiderio del dispositivo ingegnoso,it-IT
Xenochromatic Crystal,Cristallo xenocromatico,it-IT
Xenochromatischer Kristall,Cristallo xenocromatico,it-IT
Xiao Feneri,Lanterna Xiao,it-IT
Xiao Lantern,Lanterna Xiao,it-IT
Xác Tàu Tháp Cô Vương,Resti della Città di Decarabian,it-IT
Xương Khắc Ấn,Ossa marchiate,it-IT
Xương Ngoài Lấp Lánh,Esoscheletro radioso,it-IT
Xương Rắn Chắc,Ossa compatte,it-IT
Yabancı Sinaps,Sinapsi aliena,it-IT
Yakıcı Bomba,Bomba calcinatrice,it-IT
Yanmaya Devam Eden Kabza,Elsa incandescente,it-IT
Yellow Dye,Tintura gialla,it-IT
Yenidoğan Lekeli Su Tayfı,Fantasma di Hydro contaminato appena nato,it-IT
Yoğun Bodurlop Özü,Concentrato di Melmoso,it-IT
Yoğun Reçine,Resina condensata,it-IT
Yıldırım Özütü,Olio essenziale folgorante,it-IT
Yıllanmış Ruhani Nektar Neşesi,Baldoria del nettare spirituale invecchiato,it-IT
Zarafet Felsefesi,Filosofie dell'eleganza,it-IT
Zarafet Rehberi,Guida all'eleganza,it-IT
Zaubersiegel-Schriftrolle,Pergamena sigillata,it-IT
Zerbrochener Flammengriff,Elsa fiammeggiante incrinata,it-IT
Zeremonie des Frostkaisers,Cerimonia dell'Imperatore del gelo,it-IT
Zeremonielles Agentenschwert,Coltello sacrificale dell'usuraio,it-IT
Zeremonielles Kundschafterlangschwert,Coltello sacrificale dell'ispettore,it-IT
Zersplitterter Schwertgriff,Elsa spezzata,it-IT
Zersplitterter Zahn des borealischen Wolfs,Dente rotto del Lupo boreale,it-IT
Zusammenziehung der Armee des Bleichsterns,Adunata dell'esercito della Candida Stella,it-IT
Zögern der inbrünstigen Opfergabe,Esitazione del cuore sacrificale ardente,it-IT
« Eau pure »,"""Acqua pura""",it-IT
Ágata agnidus,Gemma d'agata Agnidus,it-IT
Água Forte,Tonico rinforzante,it-IT
Ánh Sáng Ngọn Lửa Đêm Dài,Bagliore della Selce della Lunga notte,it-IT
Ánh Sáng Đêm Sương,Bagliore della Notte gelata,it-IT
Ánima Legamosa neonata,Fantasma di Hydro contaminato appena nato,it-IT
Ân Huệ Vườn Hoa Ốc Đảo,Benevolenza del giardino dell'oasi,it-IT
Ätherischer Kristall,Cristallo etereo,it-IT
Ätherischer Kristallschuppenstein,Litosquama di cristallo eterea,it-IT
Çalışkanlık Felsefesi,Filosofie della diligenza,it-IT
Çalışkanlık Rehberi,Guida alla diligenza,it-IT
Çatışma Felsefesi,Filosofie del conflitto,it-IT
Çatışma Rehberi,Guida al conflitto,it-IT
Çavuş Nişanı,Emblema del sergente,it-IT
Çıra Felsefesi,Filosofie della combustione,it-IT
Çıra Rehberi,Guida alla combustione,it-IT
Ébriété de nectar spirituel en cave,Ebbrezza del nettare spirituale invecchiato,it-IT
Écaille éthérée,Litosquama di cristallo eterea,it-IT
Écho d'un accord ancien,Eco di un antico accordo,it-IT
Éclat d'aérosidérite noire,Scheggia di Aerosiderite,it-IT
Éclat subsistant du pouvoir brûlant,Ultimo bagliore di possanza infuocata,it-IT
Ídolo de voluntad manifiesta,Recipiente di volontà certa,it-IT
Óleo Essencial Chocante,Olio essenziale folgorante,it-IT
Óleo Essencial Congelante,Olio essenziale congelante,it-IT
Óleo Essencial Flamejante,Olio essenziale ardente,it-IT
Óleo Essencial Florestal,Olio essenziale silvestre,it-IT
Óleo Essencial Vendaval,Olio essenziale sferzante,it-IT
"Óleo Essencial de ""Anseio do Destino""",Olio essenziale di Brama del destino,it-IT
"Óleo Essencial de ""Donzela da Casa Dourada""",Olio essenziale di Fanciulla del Palazzo dorato,it-IT
"Óleo Essencial de ""Tecedor dos Vales""",Olio essenziale di Tessivalle,it-IT
Óleo Essencial de Imobilidade Especial,Olio essenziale granitico speciale,it-IT
Óleo Essencial de Menta,Olio essenziale di menta,it-IT
Óleo Essencial de Rocha,Olio essenziale granitico,it-IT
Óleo Essencial de Torrente,Olio essenziale idratante,it-IT
Öbeklenmiş Kitle,Massa aggregata,it-IT
Öl „Bergbrokat“,Olio essenziale di Tessivalle,it-IT
Öl „Geheime Geliebte“,Olio essenziale di Fanciulla del Palazzo dorato,it-IT
Öl „Schleierhafte Fügung“,Olio essenziale di Brama del destino,it-IT
Ölümcül Heykelcik,Statuetta malefica,it-IT
Özel Kaya Özütü,Olio essenziale granitico speciale,it-IT
Özgürlük Felsefesi,Filosofie della libertà,it-IT
Özgürlük Rehberi,Guida alla libertà,it-IT
Điềm Báo Của Làn Khói Thần Bí,Auspicio mistico del Vento della Notte,it-IT
Điểm Dịch Chuyển Bỏ Túi,Portale mobile,it-IT
Đuốc Hư Vô,Ciuffi d'Erbafosca,it-IT
Đá Cộng Hưởng Hỏa Thần Đồng,Pietra di risonanza per Pyroculi,it-IT
Đá Cộng Hưởng Lôi Thần Đồng,Pietra di risonanza per Electroculi,it-IT
Đá Cộng Hưởng Nham Thần Đồng,Pietra di risonanza per Geoculi,it-IT
Đá Cộng Hưởng Phong Thần Đồng,Pietra di risonanza per Anemoculi,it-IT
Đá Cộng Hưởng Thảo Thần Đồng,Pietra di risonanza per Dendroculi,it-IT
Đá Cộng Hưởng Thủy Thần Đồng,Pietra di risonanza per Hydroculi,it-IT
Đèn Tiêu,Lanterna Xiao,it-IT
Đóa Hoa Trân Quý Của Ai Đó,Fiore adorato,it-IT
Đạn Nổ Bay Bổng,Bomba esplosiva,it-IT
Đạn Nổ Chuẩn,Bomba precisa,it-IT
Đạn Nổ Nóng Rực,Bomba calcinatrice,it-IT
Đầu Nối Hỗn Độn,Asse del caos,it-IT
Đốt Chồi Sinh Linh,Nodo germogliato della vita,it-IT
Đồng Hồ Tiêu Chuẩn Của Đặc Vụ,Orologio comune da operativo,it-IT
İhtişam Felsefesi,Filosofie della gloria,it-IT
İhtişam Rehberi,Guida alla gloria,it-IT
İşaretli Kabuk,Ossa marchiate,it-IT
İşlemeli Kırmızı İpek,Seta rossa ritagliata,it-IT
Œil du chaos,Oculus del caos,it-IT
Œil lucide enflammé,Occhio vigile infuocato,it-IT
Şeker Özü Yemi,Esca zuccherosa,it-IT
Şiir Felsefesi,Filosofie della poesia,it-IT
Şiir Rehberi,Guida alla poesia,it-IT
Анкер хаоса,Bullone del caos,it-IT
Аномальное ядро глубокой тьмы,Nucleo aberrante dell'ombra profonda,it-IT
Безумная духовность Святого Мудреца,Divinità delirante del Sacro Signore,it-IT
Безумное опустошение Святого Мудреца,Desolazione delirante del Sacro Signore,it-IT
Безумный облик Святого Мудреца,Aspetto delirante del Sacro Signore,it-IT
Безупречное лунное железо,Ferro lunare immacolato,it-IT
Безупречный мандат,Distintivo immacolato,it-IT
Блестящая призма,Prisma splendente,it-IT
Блестящая приманка,Esca baluginante,it-IT
Блестящий камень Гуюнь,Pietra lucente di Guyun,it-IT
Боевой клич армии Бледной звезды,Fragore dell'esercito della Candida Stella,it-IT
Великолепие пылающего жертвенного сердца,Fulgore del cuore sacrificale ardente,it-IT
Водоворотное масло,Olio essenziale idratante,it-IT
Вспышка кремня долгой ночи,Bagliore della Selce della Lunga notte,it-IT
Выделения слайма,Secrezioni di Melmoso,it-IT
Высокоточная бомба,Bomba precisa,it-IT
Высокоточный вал,Albero di trasmissione di precisione,it-IT
Гарда кагэути,Paramano kageuchi,it-IT
Глубинный плавник,Aletta Baratroluce,it-IT
Горячая бомба,Bomba calcinatrice,it-IT
Громовое масло,Olio essenziale folgorante,it-IT
Грязная маска,Maschera sporca,it-IT
Грёзы пылающей мощи,Sogno di possanza infuocata,it-IT
Густая смола,Resina condensata,it-IT
Доблесть Наруками,Eroismo di Narukami,it-IT
Драгоценная бирюза Вайюда,Gemma di turchese Vayuda,it-IT
Драгоценная ветвь внешних морей,Ramo prezioso di un mare lontano,it-IT
Драгоценный агат Агнидус,Gemma d'agata Agnidus,it-IT
Драгоценный аметист Ваджрада,Gemma d'ametista Vajrada,it-IT
Драгоценный изумруд Нагадус,Gemma di smeraldo Nagadus,it-IT
Драгоценный лазурит Варунада,Gemma di lazurite Varunada,it-IT
Драгоценный нефрит Шивада,Gemma di giada Shivada,it-IT
Драгоценный топаз Притхива,Gemma di topazio Prithiva,it-IT
Железный амулет лесной росы,Talismano di ferro della rugiada silvestre,it-IT
Жёлтая краска,Tintura gialla,it-IT
Заветный цветок,Fiore adorato,it-IT
Загадочные откровения ночного ветра,Rivelazione mistica del Vento della Notte,it-IT
Загадочные предзнаменования ночного ветра,Auspicio mistico del Vento della Notte,it-IT
Загадочные предчувствия ночного ветра,Premonizione mistica del Vento della Notte,it-IT
Загрязнённая призма,Prisma torbido,it-IT
Заиндевевший мандат,Distintivo gelinciso,it-IT
Запретное безымянное лекарство королевского двора,Medicina proibita senza nome della Corte regia,it-IT
Здоровое ядро плесенника,Nucleo di Miconoide vigoroso,it-IT
Зелье антидендро,Pozione dendrocida,it-IT
Зелье ветряного барьера,Pozione antivento,it-IT
Зелье изоляции,Pozione isolante,it-IT
Зелье морозного щита,Pozione antigelo,it-IT
Зелье осушения,Pozione idrorepellente,it-IT
Зелье пыленепроницаемости,Pozione antipolvere,it-IT
Зелье теплового щита,Pozione ignifuga,it-IT
Златое сияние последователей крайнего севера,Radiosità aurea dell'Erede dell'Estremo Nord,it-IT
Златотканый красный шёлк,Broccato rosso sontuoso,it-IT
Зловещая маска,Maschera nefasta,it-IT
Золотая ветвь внешних морей,Ramo dorato di un mare lontano,it-IT
Золотая пилюля Заоблачного моря,Elisir d'oro della nebbia,it-IT
Золотой амулет лесной росы,Talismano d'oro della rugiada silvestre,it-IT
Золотой кубок непорочного моря,Calice d'oro del mare immacolato,it-IT
Золотой свисток коронованного заврианами воина,Fischietto d'oro del guerriero dei Saurici,it-IT
Изощрённая динамическая шестерня,Ingranaggio dinamico artificiato,it-IT
Иллюзорная листовая спираль,Fillospirale illusoria,it-IT
Иноземный обломок,Sinapsi aliena,it-IT
Истина цветущего оазиса,Verità del giardino dell'oasi,it-IT
Источник чистой капли росы,Zampillo di Goccia di rugiada sacra pura,it-IT
Камень эха анемокула,Pietra di risonanza per Anemoculi,it-IT
Камень эха геокула,Pietra di risonanza per Geoculi,it-IT
Камень эха гидрокула,Pietra di risonanza per Hydroculi,it-IT
Камень эха дендрокула,Pietra di risonanza per Dendroculi,it-IT
Камень эха пирокула,Pietra di risonanza per Pyroculi,it-IT
Камень эха электрокула,Pietra di risonanza per Electroculi,it-IT
Карманный телепорт,Portale mobile,it-IT
Кислая наживка,Esca aspra,it-IT
Клык взрослого,Zanna inveterata,it-IT
Клык тирана,Zanna del tiranno,it-IT
Клюв глубокой тьмы,Becco uncinato dell'ombra profonda,it-IT
Конденсат чистой капли росы,Sublimazione di Goccia di rugiada sacra pura,it-IT
Концентрат слайма,Concentrato di Melmoso,it-IT
Красная болтушка,Esca profumata,it-IT
Красная краска,Tintura rossa,it-IT
Крепкие останки,Frammento d'osso solido,it-IT
Кристальная призма,Prisma di cristallo,it-IT
Ксенохромный кристалл,Cristallo xenocromatico,it-IT
Кусок агата Агнидус,Pezzo d'agata Agnidus,it-IT
Кусок аметиста Ваджрада,Pezzo d'ametista Vajrada,it-IT
Кусок бирюзы Вайюда,Pezzo di turchese Vayuda,it-IT
Кусок изумруда Нагадус,Pezzo di smeraldo Nagadus,it-IT
Кусок лазурита Варунада,Pezzo di lazurite Varunada,it-IT
Кусок нефрита Шивада,Pezzo di giada Shivada,it-IT
Кусок топаза Притхива,Pezzo di topazio Prithiva,it-IT
Кусочек чёрного сидерита,Scheggia di Aerosiderite,it-IT
Лесное масло,Olio essenziale silvestre,it-IT
Листья артерий земли,Foglie geomantiche secche,it-IT
Лунный плавник,Aletta lunare,it-IT
Маска кидзин,Maschera del kijin,it-IT
Маска однорогого,Maschera del corno,it-IT
Маска тигриной пасти,Maschera del morso della tigre,it-IT
Мерцающий нектар,Nettare brillante,it-IT
Металлический свисток воина,Fischietto di metallo del guerriero,it-IT
Меченая оболочка,Ossa marchiate,it-IT
Мечта чудесного устройства,Desiderio del dispositivo ingegnoso,it-IT
Мечты львиного клыка,Aspirazione del Gladiatore dei denti di leone,it-IT
Мешочек с туманной травой,Erbafosca,it-IT
Милость Наруками,Affetto di Narukami,it-IT
Милость цветущего оазиса,Benevolenza del giardino dell'oasi,it-IT
Модуль хаоса,Modulo del caos,it-IT
Морозное масло,Olio essenziale congelante,it-IT
Мутная лужица,Campione d'acqua contaminata,it-IT
Мятное эфирное масло,Olio essenziale di menta,it-IT
Наживка из корундина,Esca almandina,it-IT
Наживка из листка света,Esca Scintillambra,it-IT
Наживка из ягод лакка,Esca Lakka rinfrescante,it-IT
Наследие чудесного устройства,Eredità del dispositivo ingegnoso,it-IT
Небесный фонарь,Lanterna Xiao,it-IT
Незаконченный отзвук древней струны,Capitolo di un antico accordo,it-IT
Неугасающий эфес,Elsa incandescente,it-IT
Нефритовая ветвь внешних морей,Ramo di giada di un mare lontano,it-IT
Новорождённый фантазм мутных вод,Fantasma di Hydro contaminato appena nato,it-IT
Ностальгия арктического волка,Nostalgia del Lupo boreale,it-IT
Обломок из иноморья,Frammento transoceanico,it-IT
Обломок стены Декарабиана,Resti della Città di Decarabian,it-IT
Обломок чёрного сидерита,Pezzo di Aerosiderite,it-IT
Оболочка таинственного источника,Involucro della Fonte segreta,it-IT
Образ ясной воли,Recipiente di volontà certa,it-IT
Образец чудесного устройства,Replica del dispositivo ingegnoso,it-IT
Огонёк ремонтного мека,Esca stroboscopica per Meka manutentori,it-IT
Окаймлённый красный шёлк,Seta rossa ritagliata,it-IT
Окаменевшие останки,Frammento d'osso fossilizzato,it-IT
Око хаоса,Oculus del caos,it-IT
Оковы львиного клыка,Manette del Gladiatore dei denti di leone,it-IT
Осадочный нарост,Escrescenza aggregata,it-IT
Осадочный сгусток,Massa aggregata,it-IT
Осколок мечты Декарабиана,Frammento del sogno di Decarabian,it-IT
Осколок чёрного сидерита,Frammento di Aerosiderite,it-IT
Особая эссенция неподвижности,Olio essenziale granitico speciale,it-IT
Останки богов Гуюнь,Corpo divino di Guyun,it-IT
Острый наконечник стрелы,Punta di freccia affilata,it-IT
Ось хаоса,Asse del caos,it-IT
Отблеск кремня долгой ночи,Incandescenza della Selce della Lunga notte,it-IT
Отсветы пылающей мощи,Ultimo bagliore di possanza infuocata,it-IT
Ошеломляющий широколист,Granfoglia stupefacente,it-IT
Песнь отзвука древней струны,Movimento di un antico accordo,it-IT
Печаль цветущего оазиса,Compianto del giardino dell'oasi,it-IT
Печать золотого ворона,Emblema del corvo dorato,it-IT
Печать серебряного ворона,Emblema del corvo argentato,it-IT
Пир выдержанного духовного нектара,Baldoria del nettare spirituale invecchiato,it-IT
Плавающая бомба,Bomba esplosiva,it-IT
Пламенное масло,Olio essenziale ardente,it-IT
Пламенное око,Occhio vigile infuocato,it-IT
Пламенное семя жизни,Seme della vita infuocato,it-IT
Пламя кремня долгой ночи,Fulgore della Selce della Lunga notte,it-IT
Подношение последователей крайнего севера,Oblazione dell'Erede dell'Estremo Nord,it-IT
Поляризационная призма,Prisma polarizzante,it-IT
Постоянство сенешаля,Costanza dell'operativo,it-IT
Призрачное сердце,Cuore spettrale,it-IT
Призрачное ядро,Nucleo spettrale,it-IT
Примо эликсир Заоблачного моря,Elisir primordiale della nebbia,it-IT
Прославленная гарда,Paramano celebre,it-IT
Прочная оболочка,Ossa compatte,it-IT
Прошлое пылающей мощи,Tempi andati di possanza infuocata,it-IT
Прощание снежного императора,Addio dell'Imperatore del gelo,it-IT
Пучок туманной травы,Ciuffi d'Erbafosca,it-IT
Пылающий призмопанцирь,Carapace prismardente,it-IT
Пыль кристаллоцистов,Polvere di ciste cristallina,it-IT
Радость Наруками,Gioia di Narukami,it-IT
Расколотая рукоять пламенного меча,Elsa fiammeggiante incrinata,it-IT
Распустившийся цветок странника,Fiore sbocciato del vagabondo,it-IT
Расщеплённый эфес,Elsa spezzata,it-IT
Реликвия Гуюнь,Reliquia di Guyun,it-IT
Решимость пылающего жертвенного сердца,Determinazione del cuore sacrificale ardente,it-IT
Ростки артерий земли,Germoglio geomantico,it-IT
Росток узла жизни,Nodo germogliato della vita,it-IT
Ртутная пилюля Заоблачного моря,Elisir di mercurio della nebbia,it-IT
Рукоять пламенного меча с камнем,Elsa fiammeggiante ingioiellata,it-IT
Сахарная наживка,Esca zuccherosa,it-IT
Сбор армии Бледной звезды,Adunata dell'esercito della Candida Stella,it-IT
Свернувшееся ядро жизни,Nucleo attorcigliato della vita,it-IT
Светящаяся пыльца,Polline luminescente,it-IT
Светящиеся останки,Resti luminescenti,it-IT
Свиток запретного проклятья,Pergamena maledetta,it-IT
Свиток печати,Pergamena sigillata,it-IT
Сердцевина химеры,Nucleo chimerico primordiale,it-IT
Серебряный амулет лесной росы,Talismano d'argento della rugiada silvestre,it-IT
Серебряный кубок непорочного моря,Calice d'argento del mare immacolato,it-IT
Симбиотическое ядро химеры,Nucleo chimerico simbiotico,it-IT
Синяя краска,Tintura blu,it-IT
Сияние морозной ночи,Bagliore della Notte gelata,it-IT
Сияющая кость,Esoscheletro radioso,it-IT
Скорбь снежного императора,Lamento dell'Imperatore del gelo,it-IT
Скрытый дьявольский коготь,Artiglio di bestia nascosto,it-IT
Скрытый заточенный коготь,Artiglio affilato nascosto,it-IT
Слава морозной ночи,Gloria della Notte gelata,it-IT
Сломанный клык арктического волка,Zanna incrinata del Lupo boreale,it-IT
Смертельная статуэтка,Statuetta malefica,it-IT
Сомнение пылающего жертвенного сердца,Esitazione del cuore sacrificale ardente,it-IT
Спящее ядро плесенника,Nucleo di Miconoide dormiente,it-IT
Старый наконечник стрелы,Punta di freccia consumata,it-IT
Талисман странствующей воли,Sigillo di volontà inarrestabile,it-IT
Ткань,Stoffa,it-IT
Треснувший зуб арктического волка,Dente rotto del Lupo boreale,it-IT
Триумф армии Бледной звезды,Trionfo dell'esercito della Candida Stella,it-IT
Туманная пластина,Frammento di armatura brumoso,it-IT
Туманный шлем,Elmo brumoso,it-IT
Тёмная статуэтка,Statuetta oscura,it-IT
Тёплый панцирь,Carapace posteriore caldo,it-IT
Угасшее лунное железо,Ferro lunare consumato,it-IT
Указания о «Беспристрастии»,Guida all'equità,it-IT
Указания о «Борьбе»,Guida alla resistenza,it-IT
Указания о «Бренности»,Guida alla fugacità,it-IT
Указания о «Золоте»,Guida all'oro,it-IT
Указания о «Лунном свете»,Guida al chiaro di luna,it-IT
Указания о «Милосердии»,Guida alla benevolenza,it-IT
Указания о «Наставлениях»,Guida all'ammonimento,it-IT
Указания о «Порядке»,Guida all'ordine,it-IT
Указания о «Поэзии»,Guida alla poesia,it-IT
Указания о «Процветании»,Guida alla prosperità,it-IT
Указания о «Рае»,Guida all'Elisio,it-IT
Указания о «Раздоре»,Guida al conflitto,it-IT
Указания о «Свете»,Guida alla luce,it-IT
Указания о «Свободе»,Guida alla libertà,it-IT
Указания о «Сжигании»,Guida alla combustione,it-IT
Указания о «Скитании»,Guida all'erranza,it-IT
Указания о «Славе»,Guida alla gloria,it-IT
Указания о «Соперничестве»,Guida alla disputa,it-IT
Указания о «Справедливости»,Guida alla giustizia,it-IT
Указания о «Стойкости»,Guida alla fermezza,it-IT
Указания о «Честности»,Guida alla pragmatica,it-IT
Указания об «Изяществе»,Guida all'eleganza,it-IT
Указания об «Остроумии»,Guida all'ingegno,it-IT
Указания об «Усердии»,Guida alla diligenza,it-IT
Упоение выдержанным духовным нектаром,Euforia del nettare spirituale invecchiato,it-IT
Упрямое заблуждение последователей крайнего севера,Implacabile illusione dell'Erede dell'Estremo Nord,it-IT
Усиленный вал,Albero di trasmissione rinforzato,it-IT
Фальшивая муха,Esca con mosca finta,it-IT
Фальшивый червь,Esca con verme finto,it-IT
Философия о «Беспристрастии»,Filosofie di equità,it-IT
Философия о «Борьбе»,Filosofie della resistenza,it-IT
Философия о «Бренности»,Filosofie della fugacità,it-IT
Философия о «Золоте»,Filosofie dell'oro,it-IT
Философия о «Лунном свете»,Filosofie del chiaro di luna,it-IT
Философия о «Милосердии»,Filosofie della benevolenza,it-IT
Философия о «Наставлениях»,Filosofie dell'ammonimento,it-IT
Философия о «Порядке»,Filosofie dell'ordine,it-IT
Философия о «Поэзии»,Filosofie della poesia,it-IT
Философия о «Процветании»,Filosofie della prosperità,it-IT
Философия о «Рае»,Filosofie dell'Elisio,it-IT
Философия о «Раздоре»,Filosofie del conflitto,it-IT
Философия о «Свете»,Filosofie della luce,it-IT
Философия о «Свободе»,Filosofie della libertà,it-IT
Философия о «Сжигании»,Filosofie della combustione,it-IT
Философия о «Скитании»,Filosofie dell'erranza,it-IT
Философия о «Славе»,Filosofie della gloria,it-IT
Философия о «Соперничестве»,Filosofie della disputa,it-IT
Философия о «Справедливости»,Filosofie della giustizia,it-IT
Философия о «Стойкости»,Filosofie della fermezza,it-IT
Философия о «Честности»,Filosofie della pragmatica,it-IT
Философия об «Изяществе»,Filosofie dell'eleganza,it-IT
Философия об «Остроумии»,Filosofie dell'ingegno,it-IT
Философия об «Усердии»,Filosofie della diligenza,it-IT
Фрагмент агата Агнидус,Frammento d'agata Agnidus,it-IT
Фрагмент аметиста Ваджрада,Frammento d'ametista Vajrada,it-IT
Фрагмент бирюзы Вайюда,Frammento di turchese Vayuda,it-IT
Фрагмент изумруда Нагадус,Frammento di Smeraldo Nagadus,it-IT
Фрагмент лазурита Варунада,Frammento di lazurite Varunada,it-IT
Фрагмент нефрита Шивада,Frammento di giada Shivada,it-IT
Фрагмент топаза Притхива,Frammento di topazio Prithiva,it-IT
Фрагмент эпоса Декарабиана,Frammento dell'epopea di Decarabian,it-IT
Фруктовая бражка,Esca di pasta di frutta,it-IT
Хмель выдержанного духовного нектара,Ebbrezza del nettare spirituale invecchiato,it-IT
Цепи львиного клыка,Catene del Gladiatore dei denti di leone,it-IT
Цепь хаоса,Circuito del caos,it-IT
Церемониальный нож агента,Coltello sacrificale dell'usuraio,it-IT
Церемониальный нож инспектора,Coltello sacrificale dell'ispettore,it-IT
Церемония снежного императора,Cerimonia dell'Imperatore del gelo,it-IT
Чаша непорочного моря,Calice di vino del mare immacolato,it-IT
Чистейшая вода,"""Acqua pura""",it-IT
Чужеродное ядро,Nucleo di vita aliena,it-IT
Чёрный бронзовый рог,Corno di bronzo nero,it-IT
Чёрный кристаллический рог,Corno con cristallo nero,it-IT
Шеврон офицера,Emblema del tenente,it-IT
Шеврон сержанта,Emblema del sergente,it-IT
Шестерня механизма,Ingranaggio cilindrico,it-IT
Штатные карманные часы сенешаля,Orologio comune da operativo,it-IT
Штормовое масло,Olio essenziale sferzante,it-IT
Элементальный нектар,Nettare energetico,it-IT
Эликсир силы,Tonico rinforzante,it-IT
Эссенция «Горной ткачихи»,Olio essenziale di Tessivalle,it-IT
Эссенция «Золотой мадам»,Olio essenziale di Fanciulla del Palazzo dorato,it-IT
Эссенция «Тоскующей фортуны»,Olio essenziale di Brama del destino,it-IT
Эссенция неподвижности,Olio essenziale granitico,it-IT
Эссенция чистой капли росы,Essenza di Goccia di rugiada sacra pura,it-IT
Эфирная кристальная чешуя,Litosquama di cristallo eterea,it-IT
Эфирный кристалл,Cristallo etereo,it-IT
Эхо отзвука древней струны,Eco di un antico accordo,it-IT
Ягодная наживка,Esca bacca,it-IT
Ядро таинственного источника,Cuore della Fonte segreta,it-IT
Ядро хаоса,Nucleo del caos,it-IT
"น้ำมันหอมระเหย ""Fate's Yearning""",Olio essenziale di Brama del destino,it-IT
"น้ำมันหอมระเหย ""Golden House Mistress""",Olio essenziale di Fanciulla del Palazzo dorato,it-IT
"น้ำมันหอมระเหย ""Valley Weaver""",Olio essenziale di Tessivalle,it-IT
น้ำมันหินสูตรพิเศษ,Olio essenziale granitico speciale,it-IT
ผ้า,Stoffa,it-IT
ยาต้องห้ามนิรนามแห่งราชสำนัก,Medicina proibita senza nome della Corte regia,it-IT
สีย้อมสีฟ้า,Tintura blu,it-IT
สีย้อมสีเหลือง,Tintura gialla,it-IT
สีย้อมสีแดง,Tintura rossa,it-IT
เหยื่อกะพริบล่อจักรกลบำรุงรักษา,Esca stroboscopica per Meka manutentori,it-IT
โคม Xiao,Lanterna Xiao,it-IT
Ảo Linh Nước Đục Mới Sinh,Fantasma di Hydro contaminato appena nato,it-IT
Ấn Quạ Bạc Ẩn,Emblema del corvo argentato,it-IT
Ấn Quạ Trộm Vàng,Emblema del corvo dorato,it-IT
„Reines Wasser“,"""Acqua pura""",it-IT
„Starkes Wasser“,Tonico rinforzante,it-IT
「ストロングトニック」,Tonico rinforzante,it-IT
「不屈」の哲学,Filosofie della fermezza,it-IT
「不屈」の導き,Guida alla fermezza,it-IT
「乐园」的哲学,Filosofie dell'Elisio,it-IT
「乐园」的指引,Guida all'Elisio,it-IT
「公平」の哲学,Filosofie di equità,it-IT
「公平」の導き,Guida all'equità,it-IT
「公平」的哲学,Filosofie di equità,it-IT
「公平」的哲學,Filosofie di equità,it-IT
「公平」的指引,Guida all'equità,it-IT
「創意」の哲学,Filosofie dell'ingegno,it-IT
「創意」の導き,Guida all'ingegno,it-IT
「勤劳」的哲学,Filosofie della diligenza,it-IT
「勤劳」的指引,Guida alla diligenza,it-IT
「勤労」の哲学,Filosofie della diligenza,it-IT
「勤労」の導き,Guida alla diligenza,it-IT
「勤勞」的哲學,Filosofie della diligenza,it-IT
「勤勞」的指引,Guida alla diligenza,it-IT
「坚忍」的哲学,Filosofie della fermezza,it-IT
「坚忍」的指引,Guida alla fermezza,it-IT
「堅忍」的哲學,Filosofie della fermezza,it-IT
「堅忍」的指引,Guida alla fermezza,it-IT
「天光」の哲学,Filosofie della luce,it-IT
「天光」の導き,Guida alla luce,it-IT
「天光」的哲学,Filosofie della luce,it-IT
「天光」的哲學,Filosofie della luce,it-IT
「天光」的指引,Guida alla luce,it-IT
「山の花錦」のオイル,Olio essenziale di Tessivalle,it-IT
「山阴锦簇」精油,Olio essenziale di Tessivalle,it-IT
「山陰錦簇」精油,Olio essenziale di Tessivalle,it-IT
「巧思」的哲学,Filosofie dell'ingegno,it-IT
「巧思」的哲學,Filosofie dell'ingegno,it-IT
「巧思」的指引,Guida all'ingegno,it-IT
「強水」,Tonico rinforzante,it-IT
「强水」,Tonico rinforzante,it-IT
「忠言」の哲学,Filosofie dell'ammonimento,it-IT
「忠言」の導き,Guida all'ammonimento,it-IT
「慈愛」の哲学,Filosofie della benevolenza,it-IT
「慈愛」の導き,Guida alla benevolenza,it-IT
「慈愛」的哲學,Filosofie della benevolenza,it-IT
「慈愛」的指引,Guida alla benevolenza,it-IT
「慈爱」的哲学,Filosofie della benevolenza,it-IT
「慈爱」的指引,Guida alla benevolenza,it-IT
「抗争」の哲学,Filosofie della resistenza,it-IT
「抗争」の導き,Guida alla resistenza,it-IT
「抗争」的哲学,Filosofie della resistenza,it-IT
「抗争」的指引,Guida alla resistenza,it-IT
「抗爭」的哲學,Filosofie della resistenza,it-IT
「抗爭」的指引,Guida alla resistenza,it-IT
「月光」の哲学,Filosofie del chiaro di luna,it-IT
「月光」の導き,Guida al chiaro di luna,it-IT
「月光」的哲学,Filosofie del chiaro di luna,it-IT
「月光」的哲學,Filosofie del chiaro di luna,it-IT
「月光」的指引,Guida al chiaro di luna,it-IT
「栄光」の哲学,Filosofie della gloria,it-IT
「栄光」の導き,Guida alla gloria,it-IT
「楽園」の哲学,Filosofie dell'Elisio,it-IT
「楽園」の導き,Guida all'Elisio,it-IT
「榮光」的哲學,Filosofie della gloria,it-IT
「榮光」的指引,Guida alla gloria,it-IT
「樂園」的哲學,Filosofie dell'Elisio,it-IT
「樂園」的指引,Guida all'Elisio,it-IT
「正义」的哲学,Filosofie della giustizia,it-IT
「正义」的指引,Guida alla giustizia,it-IT
「正義」の哲学,Filosofie della giustizia,it-IT
「正義」の導き,Guida alla giustizia,it-IT
「正義」的哲學,Filosofie della giustizia,it-IT
「正義」的指引,Guida alla giustizia,it-IT
「流浪」の哲学,Filosofie dell'erranza,it-IT
「流浪」の導き,Guida all'erranza,it-IT
「浪跡」的哲學,Filosofie dell'erranza,it-IT
「浪跡」的指引,Guida all'erranza,it-IT
「浪迹」的哲学,Filosofie dell'erranza,it-IT
「浪迹」的指引,Guida all'erranza,it-IT
「浮世」の哲学,Filosofie della fugacità,it-IT
「浮世」の導き,Guida alla fugacità,it-IT
「浮世」的哲学,Filosofie della fugacità,it-IT
「浮世」的哲學,Filosofie della fugacità,it-IT
「浮世」的指引,Guida alla fugacità,it-IT
「焚燔」的哲学,Filosofie della combustione,it-IT
「焚燔」的哲學,Filosofie della combustione,it-IT
「焚燔」的指引,Guida alla combustione,it-IT
「焚燼」の哲学,Filosofie della combustione,it-IT
「焚燼」の導き,Guida alla combustione,it-IT
「秩序」の哲学,Filosofie dell'ordine,it-IT
「秩序」の導き,Guida all'ordine,it-IT
「秩序」的哲学,Filosofie dell'ordine,it-IT
「秩序」的哲學,Filosofie dell'ordine,it-IT
「秩序」的指引,Guida all'ordine,it-IT
「笃行」的哲学,Filosofie della pragmatica,it-IT
「笃行」的指引,Guida alla pragmatica,it-IT
「篤行」の哲学,Filosofie della pragmatica,it-IT
「篤行」の導き,Guida alla pragmatica,it-IT
「篤行」的哲學,Filosofie della pragmatica,it-IT
「篤行」的指引,Guida alla pragmatica,it-IT
「純潔の水」,"""Acqua pura""",it-IT
「純潔之水」,"""Acqua pura""",it-IT
「紛争」の哲学,Filosofie del conflitto,it-IT
「紛争」の導き,Guida al conflitto,it-IT
「紛爭」的哲學,Filosofie del conflitto,it-IT
「紛爭」的指引,Guida al conflitto,it-IT
「縹渺たる仙縁」のオイル,Olio essenziale di Brama del destino,it-IT
「縹緲仙緣」精油,Olio essenziale di Brama del destino,it-IT
「繁栄」の哲学,Filosofie della prosperità,it-IT
「繁栄」の導き,Guida alla prosperità,it-IT
「繁榮」的哲學,Filosofie della prosperità,it-IT
「繁榮」的指引,Guida alla prosperità,it-IT
「繁荣」的哲学,Filosofie della prosperità,it-IT
「繁荣」的指引,Guida alla prosperità,it-IT
「纯洁之水」,"""Acqua pura""",it-IT
「纷争」的哲学,Filosofie del conflitto,it-IT
「纷争」的指引,Guida al conflitto,it-IT
「缥缈仙缘」精油,Olio essenziale di Brama del destino,it-IT
「自由」の哲学,Filosofie della libertà,it-IT
「自由」の導き,Guida alla libertà,it-IT
「自由」的哲学,Filosofie della libertà,it-IT
「自由」的哲學,Filosofie della libertà,it-IT
「自由」的指引,Guida alla libertà,it-IT
「荣光」的哲学,Filosofie della gloria,it-IT
「荣光」的指引,Guida alla gloria,it-IT
「角逐」の哲学,Filosofie della disputa,it-IT
「角逐」の導き,Guida alla disputa,it-IT
「角逐」的哲学,Filosofie della disputa,it-IT
「角逐」的哲學,Filosofie della disputa,it-IT
「角逐」的指引,Guida alla disputa,it-IT
「詩文」の哲学,Filosofie della poesia,it-IT
「詩文」の導き,Guida alla poesia,it-IT
「詩文」的哲學,Filosofie della poesia,it-IT
「詩文」的指引,Guida alla poesia,it-IT
「諍言」的哲學,Filosofie dell'ammonimento,it-IT
「諍言」的指引,Guida all'ammonimento,it-IT
「诗文」的哲学,Filosofie della poesia,it-IT
「诗文」的指引,Guida alla poesia,it-IT
「诤言」的哲学,Filosofie dell'ammonimento,it-IT
「诤言」的指引,Guida all'ammonimento,it-IT
「金屋蔵嬌」のオイル,Olio essenziale di Fanciulla del Palazzo dorato,it-IT
「金屋藏娇」精油,Olio essenziale di Fanciulla del Palazzo dorato,it-IT
「金屋藏嬌」精油,Olio essenziale di Fanciulla del Palazzo dorato,it-IT
「風雅」の哲学,Filosofie dell'eleganza,it-IT
「風雅」の導き,Guida all'eleganza,it-IT
「風雅」的哲學,Filosofie dell'eleganza,it-IT
「風雅」的指引,Guida all'eleganza,it-IT
「风雅」的哲学,Filosofie dell'eleganza,it-IT
「风雅」的指引,Guida all'eleganza,it-IT
「黃金」的哲學,Filosofie dell'oro,it-IT
「黃金」的指引,Guida all'oro,it-IT
「黄金」の哲学,Filosofie dell'oro,it-IT
「黄金」の導き,Guida all'oro,it-IT
「黄金」的哲学,Filosofie dell'oro,it-IT
「黄金」的指引,Guida all'oro,it-IT
「각축」의 인도,Guida alla disputa,it-IT
「각축」의 철학,Filosofie della disputa,it-IT
「간언」의 인도,Guida all'ammonimento,it-IT
「간언」의 철학,Filosofie dell'ammonimento,it-IT
「공평」의 인도,Guida all'equità,it-IT
「공평」의 철학,Filosofie di equità,it-IT
「근면」의 인도,Guida alla diligenza,it-IT
「근면」의 철학,Filosofie della diligenza,it-IT
「금옥장교」 정유,Olio essenziale di Fanciulla del Palazzo dorato,it-IT
「낙원」의 인도,Guida all'Elisio,it-IT
「낙원」의 철학,Filosofie dell'Elisio,it-IT
「달빛」의 인도,Guida al chiaro di luna,it-IT
「달빛」의 철학,Filosofie del chiaro di luna,it-IT
「번영」의 인도,Guida alla prosperità,it-IT
「번영」의 철학,Filosofie della prosperità,it-IT
「부세」의 인도,Guida alla fugacità,it-IT
「부세」의 철학,Filosofie della fugacità,it-IT
「분쟁」의 인도,Guida al conflitto,it-IT
「분쟁」의 철학,Filosofie del conflitto,it-IT
「산음금족」 정유,Olio essenziale di Tessivalle,it-IT
「소각」의 인도,Guida alla combustione,it-IT
「소각」의 철학,Filosofie della combustione,it-IT
「순수의 물」,"""Acqua pura""",it-IT
「시문」의 인도,Guida alla poesia,it-IT
「시문」의 철학,Filosofie della poesia,it-IT
「실천」의 인도,Guida alla pragmatica,it-IT
「실천」의 철학,Filosofie della pragmatica,it-IT
「영광」의 인도,Guida alla gloria,it-IT
「영광」의 철학,Filosofie della gloria,it-IT
「유랑」의 인도,Guida all'erranza,it-IT
「유랑」의 철학,Filosofie dell'erranza,it-IT
「인내」의 인도,Guida alla fermezza,it-IT
「인내」의 철학,Filosofie della fermezza,it-IT
「자애」의 인도,Guida alla benevolenza,it-IT
「자애」의 철학,Filosofie della benevolenza,it-IT
「자유」의 인도,Guida alla libertà,it-IT
「자유」의 철학,Filosofie della libertà,it-IT
「정의」의 인도,Guida alla giustizia,it-IT
「정의」의 철학,Filosofie della giustizia,it-IT
「질서」의 인도,Guida all'ordine,it-IT
「질서」의 철학,Filosofie dell'ordine,it-IT
「창의」의 인도,Guida all'ingegno,it-IT
「창의」의 철학,Filosofie dell'ingegno,it-IT
「천광」의 인도,Guida alla luce,it-IT
「천광」의 철학,Filosofie della luce,it-IT
「투쟁」의 인도,Guida alla resistenza,it-IT
「투쟁」의 철학,Filosofie della resistenza,it-IT
「표묘선연」 정유,Olio essenziale di Brama del destino,it-IT
「풍아」의 인도,Guida all'eleganza,it-IT
「풍아」의 철학,Filosofie dell'eleganza,it-IT
「황금」의 인도,Guida all'oro,it-IT
「황금」의 철학,Filosofie dell'oro,it-IT
「힘센 물」,Tonico rinforzante,it-IT
すっぱいオレンジの餌,Esca aspra,it-IT
アツアツ爆弾,Bomba calcinatrice,it-IT
エンバー餌,Esca Scintillambra,it-IT
エージェントの刀,Coltello sacrificale dell'usuraio,it-IT
オアシスガーデンの哀思,Compianto del giardino dell'oasi,it-IT
オアシスガーデンの恩恵,Benevolenza del giardino dell'oasi,it-IT
オアシスガーデンの真諦,Verità del giardino dell'oasi,it-IT
キノコンの壮菌核,Nucleo di Miconoide vigoroso,it-IT
キノコンの晶胞子,Polvere di ciste cristallina,it-IT
キノコンの眠菌核,Nucleo di Miconoide dormiente,it-IT
キノコンの蛍胞子,Polline luminescente,it-IT
ゴールドの鴉マーク,Emblema del corvo dorato,it-IT
シルバーの鴉マーク,Emblema del corvo argentato,it-IT
スピネルグレインの餌,Esca almandina,it-IT
スライムのピュレ,Concentrato di Melmoso,it-IT
スライムの分泌物,Secrezioni di Melmoso,it-IT
ソマルの餌,Esca bacca,it-IT
ハエの疑似餌,Esca con mosca finta,it-IT
バンバン爆弾,Bomba precisa,it-IT
フライムの幽核,Cuore spettrale,it-IT
フライムの晶化核,Nucleo spettrale,it-IT
ポケットワープポイント,Portale mobile,it-IT
ミントオイル,Olio essenziale di menta,it-IT
メンテマシナリーの閃光釣り餌,Esca stroboscopica per Meka manutentori,it-IT
ユラユラ爆弾,Bomba esplosiva,it-IT
ワームの疑似餌,Esca con verme finto,it-IT
丈夫な骨片,Frammento d'osso solido,it-IT
不吉な仮面,Maschera nefasta,it-IT
不祥的面具,Maschera nefasta,it-IT
丛林精油,Olio essenziale silvestre,it-IT
並生嵌合胞,Nucleo chimerico simbiotico,it-IT
今昔剧画之一角,Maschera del corno,it-IT
今昔剧画之虎啮,Maschera del morso della tigre,it-IT
今昔剧画之鬼人,Maschera del kijin,it-IT
今昔劇画の虎牙,Maschera del morso della tigre,it-IT
今昔劇画の隻角,Maschera del corno,it-IT
今昔劇画の鬼人,Maschera del kijin,it-IT
今昔劇畫之一角,Maschera del corno,it-IT
今昔劇畫之虎齧,Maschera del morso della tigre,it-IT
今昔劇畫之鬼人,Maschera del kijin,it-IT
休眠菌核,Nucleo di Miconoide dormiente,it-IT
何人所珍藏之花,Fiore adorato,it-IT
併生嵌合胞,Nucleo chimerico simbiotico,it-IT
偏光プリズム,Prisma polarizzante,it-IT
偏光棱镜,Prisma polarizzante,it-IT
偏光稜鏡,Prisma polarizzante,it-IT
優美なる焔剣の柄,Elsa fiammeggiante ingioiellata,it-IT
光惑う渦葉のコア,Fillospirale illusoria,it-IT
光揺らぐ剣の柄,Elsa incandescente,it-IT
准准爆弹,Bomba precisa,it-IT
凛雪帝皇的庆仪,Cerimonia dell'Imperatore del gelo,it-IT
凛雪帝皇的悲恤,Lamento dell'Imperatore del gelo,it-IT
凛雪帝皇的辞决,Addio dell'Imperatore del gelo,it-IT
凛風奔狼の断牙,Zanna incrinata del Lupo boreale,it-IT
凛風奔狼の砕牙,Dente rotto del Lupo boreale,it-IT
凛風奔狼の郷愁,Nostalgia del Lupo boreale,it-IT
凛风奔狼的怀乡,Nostalgia del Lupo boreale,it-IT
凛风奔狼的断牙,Zanna incrinata del Lupo boreale,it-IT
凛风奔狼的裂齿,Dente rotto del Lupo boreale,it-IT
凜雪帝皇的悲恤,Lamento dell'Imperatore del gelo,it-IT
凜雪帝皇的慶儀,Cerimonia dell'Imperatore del gelo,it-IT
凜雪帝皇的辭決,Addio dell'Imperatore del gelo,it-IT
凜風奔狼的懷鄉,Nostalgia del Lupo boreale,it-IT
凜風奔狼的斷牙,Zanna incrinata del Lupo boreale,it-IT
凜風奔狼的裂齒,Dente rotto del Lupo boreale,it-IT
初生的浊水幻灵,Fantasma di Hydro contaminato appena nato,it-IT
初生的濁水幻靈,Fantasma di Hydro contaminato appena nato,it-IT
刻紋の背骨,Ossa marchiate,it-IT
加固机轴,Albero di trasmissione rinforzato,it-IT
加固機軸,Albero di trasmissione rinforzato,it-IT
劣化した月の鉄,Ferro lunare consumato,it-IT
半壊した焔剣の柄,Elsa fiammeggiante incrinata,it-IT
历战的箭簇,Punta di freccia consumata,it-IT
原素花の蜜,Nettare energetico,it-IT
原素花蜜,Nettare energetico,it-IT
叢林のオイル,Olio essenziale silvestre,it-IT
叢林精油,Olio essenziale silvestre,it-IT
口袋錨點,Portale mobile,it-IT
口袋锚点,Portale mobile,it-IT
史莱姆原浆,Concentrato di Melmoso,it-IT
史莱姆清,Secrezioni di Melmoso,it-IT
史萊姆原漿,Concentrato di Melmoso,it-IT
史萊姆清,Secrezioni di Melmoso,it-IT
名もなき王庭禁薬,Medicina proibita senza nome della Corte regia,it-IT
名刀の鍔,Paramano celebre,it-IT
名刀鐔,Paramano celebre,it-IT
名刀镡,Paramano celebre,it-IT
哀切なアイスクリスタル,Gemma di giada Shivada,it-IT
哀切なアイスクリスタル·塊,Pezzo di giada Shivada,it-IT
哀切なアイスクリスタル·欠片,Frammento di giada Shivada,it-IT
哀叙冰玉,Gemma di giada Shivada,it-IT
哀叙冰玉块,Pezzo di giada Shivada,it-IT
哀叙冰玉断片,Frammento di giada Shivada,it-IT
哀敘冰玉,Gemma di giada Shivada,it-IT
哀敘冰玉塊,Pezzo di giada Shivada,it-IT
哀敘冰玉斷片,Frammento di giada Shivada,it-IT
地脈の新芽,Germoglio geomantico,it-IT
地脈の枯れ葉,Foglie geomantiche secche,it-IT
地脈的新芽,Germoglio geomantico,it-IT
地脈的枯葉,Foglie geomantiche secche,it-IT
地脉的新芽,Germoglio geomantico,it-IT
地脉的枯叶,Foglie geomantiche secche,it-IT
坚牢黄玉,Gemma di topazio Prithiva,it-IT
坚牢黄玉块,Pezzo di topazio Prithiva,it-IT
坚牢黄玉断片,Frammento di topazio Prithiva,it-IT
堅固な背骨,Ossa compatte,it-IT
堅牢なトパーズ,Gemma di topazio Prithiva,it-IT
堅牢なトパーズ·塊,Pezzo di topazio Prithiva,it-IT
堅牢なトパーズ·欠片,Frammento di topazio Prithiva,it-IT
堅牢黃玉,Gemma di topazio Prithiva,it-IT
堅牢黃玉塊,Pezzo di topazio Prithiva,it-IT
堅牢黃玉斷片,Frammento di topazio Prithiva,it-IT
士官の記章,Emblema del sergente,it-IT
士官的徽記,Emblema del sergente,it-IT
士官的徽记,Emblema del sergente,it-IT
外世突触,Sinapsi aliena,it-IT
外世突觸,Sinapsi aliena,it-IT
外界のシナプス,Sinapsi aliena,it-IT
夤夜刻像,Statuetta oscura,it-IT
奇妙な装置の宿願,Desiderio del dispositivo ingegnoso,it-IT
奇妙な装置の継承,Eredità del dispositivo ingegnoso,it-IT
奇妙な装置の複製,Replica del dispositivo ingegnoso,it-IT
奇巧秘器的模本,Replica del dispositivo ingegnoso,it-IT
奇巧秘器的真愿,Desiderio del dispositivo ingegnoso,it-IT
奇巧秘器的真願,Desiderio del dispositivo ingegnoso,it-IT
奇巧秘器的繼業,Eredità del dispositivo ingegnoso,it-IT
奇巧秘器的继业,Eredità del dispositivo ingegnoso,it-IT
奇械のコア歯車,Ingranaggio dinamico artificiato,it-IT
奇械机芯齿轮,Ingranaggio dinamico artificiato,it-IT
奇械機芯齒輪,Ingranaggio dinamico artificiato,it-IT
孢囊晶塵,Polvere di ciste cristallina,it-IT
孢囊晶尘,Polvere di ciste cristallina,it-IT
孤云寒林的圣骸,Reliquia di Guyun,it-IT
孤云寒林的神体,Corpo divino di Guyun,it-IT
孤云寒林的辉岩,Pietra lucente di Guyun,it-IT
孤雲寒林の神体,Corpo divino di Guyun,it-IT
孤雲寒林の聖骸,Reliquia di Guyun,it-IT
孤雲寒林の輝岩,Pietra lucente di Guyun,it-IT
孤雲寒林的神體,Corpo divino di Guyun,it-IT
孤雲寒林的聖骸,Reliquia di Guyun,it-IT
孤雲寒林的輝岩,Pietra lucente di Guyun,it-IT
宝饰的焰剑,Elsa fiammeggiante ingioiellata,it-IT
密固的横脊,Ossa compatte,it-IT
密固的橫脊,Ossa compatte,it-IT
寶飾的焰劍,Elsa fiammeggiante ingioiellata,it-IT
封魔の絵巻,Pergamena sigillata,it-IT
封魔繪卷,Pergamena sigillata,it-IT
封魔绘卷,Pergamena sigillata,it-IT
尉官の記章,Emblema del tenente,it-IT
尉官的徽記,Emblema del tenente,it-IT
尉官的徽记,Emblema del tenente,it-IT
岩神の瞳の共鳴石,Pietra di risonanza per Geoculi,it-IT
岩神瞳共鳴石,Pietra di risonanza per Geoculi,it-IT
岩神瞳共鸣石,Pietra di risonanza per Geoculi,it-IT
巡る意志の偶像,Sigillo di volontà inarrestabile,it-IT
布匹,Stoffa,it-IT
布材,Stoffa,it-IT
并生嵌合胞,Nucleo chimerico simbiotico,it-IT
幻光の晶鱗石,Litosquama di cristallo eterea,it-IT
幻光の裂晶,Cristallo etereo,it-IT
幻造晶鱗石,Litosquama di cristallo eterea,it-IT
幻造晶鳞石,Litosquama di cristallo eterea,it-IT
幻造裂晶,Cristallo etereo,it-IT
幽邃なる彫刻,Statuetta malefica,it-IT
幽邃刻像,Statuetta malefica,it-IT
幽雾兜盔,Elmo brumoso,it-IT
幽雾片甲,Frammento di armatura brumoso,it-IT
幽霧兜盔,Elmo brumoso,it-IT
幽霧片甲,Frammento di armatura brumoso,it-IT
异海之块,Frammento transoceanico,it-IT
异界生命核,Nucleo di vita aliena,it-IT
异色结晶石,Cristallo xenocromatico,it-IT
強固な駆動軸,Albero di trasmissione rinforzato,it-IT
影打の鍔,Paramano kageuchi,it-IT
影打刀鐔,Paramano kageuchi,it-IT
影打刀镡,Paramano kageuchi,it-IT
役人的制式怀表,Orologio comune da operativo,it-IT
役人的制式懷錶,Orologio comune da operativo,it-IT
役人的时时刻刻,Costanza dell'operativo,it-IT
役人的時時刻刻,Costanza dell'operativo,it-IT
従者の制式懐中時計,Orologio comune da operativo,it-IT
従者の時々刻々,Costanza dell'operativo,it-IT
微光花の蜜,Nettare brillante,it-IT
微光花蜜,Nettare brillante,it-IT
悠久の弦の断章,Capitolo di un antico accordo,it-IT
悠久の弦の楽章,Movimento di un antico accordo,it-IT
悠久の弦の響き,Eco di un antico accordo,it-IT
悠古弦音的乐章,Movimento di un antico accordo,it-IT
悠古弦音的回响,Eco di un antico accordo,it-IT
悠古弦音的断章,Capitolo di un antico accordo,it-IT
悠古弦音的斷章,Capitolo di un antico accordo,it-IT
悠古弦音的樂章,Movimento di un antico accordo,it-IT
悠古弦音的迴響,Eco di un antico accordo,it-IT
惊雷精油,Olio essenziale folgorante,it-IT
惑光的闊葉,Granfoglia stupefacente,it-IT
惑光的阔叶,Granfoglia stupefacente,it-IT
意志巡游的符像,Sigillo di volontà inarrestabile,it-IT
意志巡遊的符像,Sigillo di volontà inarrestabile,it-IT
意志明晰的寄偶,Recipiente di volontà certa,it-IT
成長のエメラルド,Gemma di smeraldo Nagadus,it-IT
成長のエメラルド·塊,Pezzo di smeraldo Nagadus,it-IT
成長のエメラルド·欠片,Frammento di Smeraldo Nagadus,it-IT
战士的铁哨,Fischietto di metallo del guerriero,it-IT
戦士の鉄笛,Fischietto di metallo del guerriero,it-IT
戰士的鐵哨,Fischietto di metallo del guerriero,it-IT
折れた剣の柄,Elsa spezzata,it-IT
攫金鴉印,Emblema del corvo dorato,it-IT
攫金鸦印,Emblema del corvo dorato,it-IT
无名的王庭禁药,Medicina proibita senza nome della Corte regia,it-IT
无垢之海的酒盏,Calice di vino del mare immacolato,it-IT
无垢之海的金杯,Calice d'oro del mare immacolato,it-IT
无垢之海的银杯,Calice d'argento del mare immacolato,it-IT
无秽的月铁,Ferro lunare immacolato,it-IT
明燃的棱状壳,Carapace prismardente,it-IT
明燃的稜狀殼,Carapace prismardente,it-IT
明瞭な意志の偶像,Recipiente di volontà certa,it-IT
暗き霧の兜,Elmo brumoso,it-IT
暗き霧の鎧,Frammento di armatura brumoso,it-IT
暗黒のくちばし,Becco uncinato dell'ombra profonda,it-IT
暗黒の怪核,Nucleo aberrante dell'ombra profonda,it-IT
最勝のアメシスト,Gemma d'ametista Vajrada,it-IT
最勝のアメシスト·塊,Pezzo d'ametista Vajrada,it-IT
最勝のアメシスト·欠片,Frammento d'ametista Vajrada,it-IT
最勝紫晶,Gemma d'ametista Vajrada,it-IT
最勝紫晶塊,Pezzo d'ametista Vajrada,it-IT
最勝紫晶斷片,Frammento d'ametista Vajrada,it-IT
最胜紫晶,Gemma d'ametista Vajrada,it-IT
最胜紫晶块,Pezzo d'ametista Vajrada,it-IT
最胜紫晶断片,Frammento d'ametista Vajrada,it-IT
月光の羽鰭,Aletta lunare,it-IT
月色鰭翅,Aletta lunare,it-IT
月色鳍翅,Aletta lunare,it-IT
未熄的剑柄,Elsa incandescente,it-IT
未熄的劍柄,Elsa incandescente,it-IT
机关正齿轮,Ingranaggio cilindrico,it-IT
果物餌,Esca di pasta di frutta,it-IT
果酿饵,Esca di pasta di frutta,it-IT
果釀餌,Esca di pasta di frutta,it-IT
検査官の刀,Coltello sacrificale dell'ispettore,it-IT
極北の末裔の奉献,Oblazione dell'Erede dell'Estremo Nord,it-IT
極北の末裔の妄執,Implacabile illusione dell'Erede dell'Estremo Nord,it-IT
極北の末裔の煌光,Radiosità aurea dell'Erede dell'Estremo Nord,it-IT
槲梭餌,Esca bacca,it-IT
槲梭饵,Esca bacca,it-IT
横行霸者的利齿,Zanna del tiranno,it-IT
機構の平歯車,Ingranaggio cilindrico,it-IT
機關正齒輪,Ingranaggio cilindrico,it-IT
橫行霸者的利齒,Zanna del tiranno,it-IT
歴戦の矢先,Punta di freccia consumata,it-IT
歷戰的箭鏃,Punta di freccia consumata,it-IT
残失的焰剑,Elsa fiammeggiante incrinata,it-IT
殘失的焰劍,Elsa fiammeggiante incrinata,it-IT
水晶プリズム,Prisma di cristallo,it-IT
水晶棱镜,Prisma di cristallo,it-IT
水晶稜鏡,Prisma di cristallo,it-IT
水神の瞳の共鳴石,Pietra di risonanza per Hydroculi,it-IT
水神瞳共鳴石,Pietra di risonanza per Hydroculi,it-IT
水神瞳共鸣石,Pietra di risonanza per Hydroculi,it-IT
氷の皇帝の憐憫,Lamento dell'Imperatore del gelo,it-IT
氷の皇帝の祝儀,Cerimonia dell'Imperatore del gelo,it-IT
氷の皇帝の訣別,Addio dell'Imperatore del gelo,it-IT
汙穢的面具,Maschera sporca,it-IT
汚れた仮面,Maschera sporca,it-IT
污秽的面具,Maschera sporca,it-IT
沈積増生物,Escrescenza aggregata,it-IT
沈積結塊,Massa aggregata,it-IT
沉积增生物,Escrescenza aggregata,it-IT
沉积结块,Massa aggregata,it-IT
沉積增生物,Escrescenza aggregata,it-IT
沉積結塊,Massa aggregata,it-IT
治草药剂,Pozione dendrocida,it-IT
治草藥劑,Pozione dendrocida,it-IT
流浪者の満開の花,Fiore sbocciato del vagabondo,it-IT
浊水的一掬,Campione d'acqua contaminata,it-IT
浓缩树脂,Resina condensata,it-IT
浮游幽核,Cuore spettrale,it-IT
浮游晶化核,Nucleo spettrale,it-IT
涤净青金,Gemma di lazurite Varunada,it-IT
涤净青金块,Pezzo di lazurite Varunada,it-IT
涤净青金断片,Frammento di lazurite Varunada,it-IT
淡光の遺骨,Resti luminescenti,it-IT
深黯的怪核,Nucleo aberrante dell'ombra profonda,it-IT
深黯的鉤喙,Becco uncinato dell'ombra profonda,it-IT
深黯的钩喙,Becco uncinato dell'ombra profonda,it-IT
淵光の羽鰭,Aletta Baratroluce,it-IT
淵光鰭翅,Aletta Baratroluce,it-IT
混沌の中枢,Asse del caos,it-IT
混沌の回路,Circuito del caos,it-IT
混沌の炉心,Nucleo del caos,it-IT
混沌の真眼,Oculus del caos,it-IT
混沌ボルト,Bullone del caos,it-IT
混沌モジュール,Modulo del caos,it-IT
混沌回路,Circuito del caos,it-IT
混沌枢纽,Asse del caos,it-IT
混沌樞紐,Asse del caos,it-IT
混沌模块,Modulo del caos,it-IT
混沌模組,Modulo del caos,it-IT
混沌炉心,Nucleo del caos,it-IT
混沌爐心,Nucleo del caos,it-IT
混沌真眼,Oculus del caos,it-IT
混沌迴路,Circuito del caos,it-IT
混沌錨栓,Bullone del caos,it-IT
混沌锚栓,Bullone del caos,it-IT
混浊棱晶,Prisma torbido,it-IT
混濁稜晶,Prisma torbido,it-IT
清白の餌,Esca Lakka rinfrescante,it-IT
清白餌,Esca Lakka rinfrescante,it-IT
清白饵,Esca Lakka rinfrescante,it-IT
渊光鳍翅,Aletta Baratroluce,it-IT
温火饵,Esca Scintillambra,it-IT
源生嵌合体,Nucleo chimerico primordiale,it-IT
源生嵌合體,Nucleo chimerico primordiale,it-IT
準準爆彈,Bomba precisa,it-IT
溫火餌,Esca Scintillambra,it-IT
滌淨青金,Gemma di lazurite Varunada,it-IT
滌淨青金塊,Pezzo di lazurite Varunada,it-IT
滌淨青金斷片,Frammento di lazurite Varunada,it-IT
漆黑陨铁的一块,Pezzo di Aerosiderite,it-IT
漆黑陨铁的一片,Scheggia di Aerosiderite,it-IT
漆黑陨铁的一角,Frammento di Aerosiderite,it-IT
漆黑隕鐵的一塊,Pezzo di Aerosiderite,it-IT
漆黑隕鐵的一片,Scheggia di Aerosiderite,it-IT
漆黑隕鐵的一角,Frammento di Aerosiderite,it-IT
漆黒の隕鉄の一片,Scheggia di Aerosiderite,it-IT
漆黒の隕鉄の一角,Frammento di Aerosiderite,it-IT
漆黒の隕鉄の塊,Pezzo di Aerosiderite,it-IT
漫游者的盛放之花,Fiore sbocciato del vagabondo,it-IT
漫遊者的盛放之花,Fiore sbocciato del vagabondo,it-IT
澄明なラピスラズリ,Gemma di lazurite Varunada,it-IT
澄明なラピスラズリ·塊,Pezzo di lazurite Varunada,it-IT
澄明なラピスラズリ·欠片,Frammento di lazurite Varunada,it-IT
澄晶果粒餌,Esca almandina,it-IT
澄晶果粒饵,Esca almandina,it-IT
激流のオイル,Olio essenziale idratante,it-IT
激流精油,Olio essenziale idratante,it-IT
濁ったプリズム,Prisma torbido,it-IT
濁水のひとすくい,Campione d'acqua contaminata,it-IT
濁水的一掬,Campione d'acqua contaminata,it-IT
濃縮樹脂,Resina condensata,it-IT
火神瞳共鳴石,Pietra di risonanza per Pyroculi,it-IT
火神瞳共鸣石,Pietra di risonanza per Pyroculi,it-IT
灵生分蘖节,Nodo germogliato della vita,it-IT
灵生盘枝心,Nucleo attorcigliato della vita,it-IT
灼心を捧げる栄光,Fulgore del cuore sacrificale ardente,it-IT
灼心を捧げる決意,Determinazione del cuore sacrificale ardente,it-IT
灼心を捧げる躊躇,Esitazione del cuore sacrificale ardente,it-IT
炎神の瞳の共鳴石,Pietra di risonanza per Pyroculi,it-IT
炎願のアゲート,Gemma d'agata Agnidus,it-IT
炎願のアゲート·塊,Pezzo d'agata Agnidus,it-IT
炎願のアゲート·欠片,Frammento d'agata Agnidus,it-IT
点滅餌,Esca baluginante,it-IT
烈日威权的余光,Ultimo bagliore di possanza infuocata,it-IT
烈日威权的旧日,Tempi andati di possanza infuocata,it-IT
烈日威权的梦想,Sogno di possanza infuocata,it-IT
烈日威權的夢想,Sogno di possanza infuocata,it-IT
烈日威權的舊日,Tempi andati di possanza infuocata,it-IT
烈日威權的餘光,Ultimo bagliore di possanza infuocata,it-IT
烈日権威の夢想,Sogno di possanza infuocata,it-IT
烈日権威の往日,Tempi andati di possanza infuocata,it-IT
烈日権威の残光,Ultimo bagliore di possanza infuocata,it-IT
烈火のオイル,Olio essenziale ardente,it-IT
烈火精油,Olio essenziale ardente,it-IT
烫烫爆弹,Bomba calcinatrice,it-IT
無名的王庭禁藥,Medicina proibita senza nome della Corte regia,it-IT
無垢な海の酒盃,Calice di vino del mare immacolato,it-IT
無垢な海の金盃,Calice d'oro del mare immacolato,it-IT
無垢な海の銀盃,Calice d'argento del mare immacolato,it-IT
無垢之海的酒盞,Calice di vino del mare immacolato,it-IT
無垢之海的金杯,Calice d'oro del mare immacolato,it-IT
無垢之海的銀杯,Calice d'argento del mare immacolato,it-IT
無穢的月鐵,Ferro lunare immacolato,it-IT
熟練の牙,Zanna inveterata,it-IT
熱を秘めた鱗甲,Carapace posteriore caldo,it-IT
燃える鱗甲のプリズム,Carapace prismardente,it-IT
燃え盛る命の種,Seme della vita infuocato,it-IT
燃え盛る遊像の眼,Occhio vigile infuocato,it-IT
燃愿玛瑙,Gemma d'agata Agnidus,it-IT
燃愿玛瑙块,Pezzo d'agata Agnidus,it-IT
燃愿玛瑙断片,Frammento d'agata Agnidus,it-IT
燃願瑪瑙,Gemma d'agata Agnidus,it-IT
燃願瑪瑙塊,Pezzo d'agata Agnidus,it-IT
燃願瑪瑙斷片,Frammento d'agata Agnidus,it-IT
燙燙爆彈,Bomba calcinatrice,it-IT
特工祭刀,Coltello sacrificale dell'usuraio,it-IT
特殊な磐石のオイル,Olio essenziale granitico speciale,it-IT
特殊的磐石精油,Olio essenziale granitico speciale,it-IT
狂乱の聖主の哀れ,Desolazione delirante del Sacro Signore,it-IT
狂乱の聖主の容貌,Aspetto delirante del Sacro Signore,it-IT
狂乱の聖主の神面,Divinità delirante del Sacro Signore,it-IT
狂風のオイル,Olio essenziale sferzante,it-IT
狂風精油,Olio essenziale sferzante,it-IT
狂风精油,Olio essenziale sferzante,it-IT
狮牙斗士的理想,Aspirazione del Gladiatore dei denti di leone,it-IT
狮牙斗士的铁链,Catene del Gladiatore dei denti di leone,it-IT
狮牙斗士的镣铐,Manette del Gladiatore dei denti di leone,it-IT
獅牙戦士の手錠,Manette del Gladiatore dei denti di leone,it-IT
獅牙戦士の理想,Aspirazione del Gladiatore dei denti di leone,it-IT
獅牙戦士の鎖,Catene del Gladiatore dei denti di leone,it-IT
獅牙鬥士的理想,Aspirazione del Gladiatore dei denti di leone,it-IT
獅牙鬥士的鐐銬,Manette del Gladiatore dei denti di leone,it-IT
獅牙鬥士的鐵鍊,Catene del Gladiatore dei denti di leone,it-IT
甘露餌,Esca zuccherosa,it-IT
甘露饵,Esca zuccherosa,it-IT
生まれたての濁水幻霊,Fantasma di Hydro contaminato appena nato,it-IT
生命の分かれ枝,Nodo germogliato della vita,it-IT
生命の絡み合う枝,Nucleo attorcigliato della vita,it-IT
生長碧翡,Gemma di smeraldo Nagadus,it-IT
生長碧翡塊,Pezzo di smeraldo Nagadus,it-IT
生長碧翡斷片,Frammento di Smeraldo Nagadus,it-IT
生长碧翡,Gemma di smeraldo Nagadus,it-IT
生长碧翡块,Pezzo di smeraldo Nagadus,it-IT
生长碧翡断片,Frammento di Smeraldo Nagadus,it-IT
異海の塊,Frammento transoceanico,it-IT
異海之塊,Frammento transoceanico,it-IT
異界生命体のコア,Nucleo di vita aliena,it-IT
異界生命核,Nucleo di vita aliena,it-IT
異色結晶石,Cristallo xenocromatico,it-IT
督察長祭刀,Coltello sacrificale dell'ispettore,it-IT
督察长祭刀,Coltello sacrificale dell'ispettore,it-IT
石化した骨片,Frammento d'osso fossilizzato,it-IT
石化的骨片,Frammento d'osso fossilizzato,it-IT
磐石のオイル,Olio essenziale granitico,it-IT
磐石精油,Olio essenziale granitico,it-IT
神合秘烟的启示,Rivelazione mistica del Vento della Notte,it-IT
神合秘烟的征兆,Auspicio mistico del Vento della Notte,it-IT
神合秘烟的预感,Premonizione mistica del Vento della Notte,it-IT
神合秘煙的啟示,Rivelazione mistica del Vento della Notte,it-IT
神合秘煙的徵兆,Auspicio mistico del Vento della Notte,it-IT
神合秘煙的預感,Premonizione mistica del Vento della Notte,it-IT
神秘なる煙の予兆,Auspicio mistico del Vento della Notte,it-IT
神秘なる煙の予感,Premonizione mistica del Vento della Notte,it-IT
神秘なる煙の啓示,Rivelazione mistica del Vento della Notte,it-IT
禁呪の絵巻,Pergamena maledetta,it-IT
禁咒繪卷,Pergamena maledetta,it-IT
禁咒绘卷,Pergamena maledetta,it-IT
秘源のコア,Cuore della Fonte segreta,it-IT
秘源のシース,Involucro della Fonte segreta,it-IT
秘源机鞘,Involucro della Fonte segreta,it-IT
秘源機鞘,Involucro della Fonte segreta,it-IT
秘源真芯,Cuore della Fonte segreta,it-IT
稀光遗骼,Resti luminescenti,it-IT
稀光遺骼,Resti luminescenti,it-IT
穢れなき月の鉄,Ferro lunare immacolato,it-IT
空竭的月鐵,Ferro lunare consumato,it-IT
空竭的月铁,Ferro lunare consumato,it-IT
竜冠戦士の金笛,Fischietto d'oro del guerriero dei Saurici,it-IT
精制机轴,Albero di trasmissione di precisione,it-IT
精巧な徽章,Distintivo immacolato,it-IT
精巧な駆動軸,Albero di trasmissione di precisione,it-IT
精緻的執憑,Distintivo immacolato,it-IT
精致的执凭,Distintivo immacolato,it-IT
精製機軸,Albero di trasmissione di precisione,it-IT
紅色染料,Tintura rossa,it-IT
純聖な雫の昇華,Sublimazione di Goccia di rugiada sacra pura,it-IT
純聖な雫の甘泉,Zampillo di Goccia di rugiada sacra pura,it-IT
純聖な雫の精髄,Essenza di Goccia di rugiada sacra pura,it-IT
純聖露滴的凝華,Sublimazione di Goccia di rugiada sacra pura,it-IT
純聖露滴的真粹,Essenza di Goccia di rugiada sacra pura,it-IT
純聖露滴的醴泉,Zampillo di Goccia di rugiada sacra pura,it-IT
終北遺嗣的煌熠,Radiosità aurea dell'Erede dell'Estremo Nord,it-IT
終北遺嗣的禱獻,Oblazione dell'Erede dell'Estremo Nord,it-IT
終北遺嗣的迷頑,Implacabile illusione dell'Erede dell'Estremo Nord,it-IT
結實的骨片,Frammento d'osso solido,it-IT
絕緣藥劑,Pozione isolante,it-IT
綠洲花園的哀思,Compianto del giardino dell'oasi,it-IT
綠洲花園的恩惠,Benevolenza del giardino dell'oasi,it-IT
綠洲花園的真諦,Verità del giardino dell'oasi,it-IT
維護機關頻閃誘餌,Esca stroboscopica per Meka manutentori,it-IT
縁飾の赤い絹,Seta rossa ritagliata,it-IT
繁光躯外骸,Esoscheletro radioso,it-IT
繁光軀外骸,Esoscheletro radioso,it-IT
織金紅綢,Broccato rosso sontuoso,it-IT
红色染料,Tintura rossa,it-IT
纯圣露滴的凝华,Sublimazione di Goccia di rugiada sacra pura,it-IT
纯圣露滴的真粹,Essenza di Goccia di rugiada sacra pura,it-IT
纯圣露滴的醴泉,Zampillo di Goccia di rugiada sacra pura,it-IT
织金红绸,Broccato rosso sontuoso,it-IT
终北遗嗣的煌熠,Radiosità aurea dell'Erede dell'Estremo Nord,it-IT
终北遗嗣的祷献,Oblazione dell'Erede dell'Estremo Nord,it-IT
终北遗嗣的迷顽,Implacabile illusione dell'Erede dell'Estremo Nord,it-IT
结实的骨片,Frammento d'osso solido,it-IT
绝缘药剂,Pozione isolante,it-IT
维护机关频闪诱饵,Esca stroboscopica per Meka manutentori,it-IT
绿洲花园的哀思,Compianto del giardino dell'oasi,it-IT
绿洲花园的恩惠,Benevolenza del giardino dell'oasi,it-IT
绿洲花园的真谛,Verità del giardino dell'oasi,it-IT
老練的堅齒,Zanna inveterata,it-IT
老练的坚齿,Zanna inveterata,it-IT
耐塵薬剤,Pozione antipolvere,it-IT
耐寒药剂,Pozione antigelo,it-IT
耐寒薬剤,Pozione antigelo,it-IT
耐寒藥劑,Pozione antigelo,it-IT
耐湿薬剤,Pozione idrorepellente,it-IT
耐热药剂,Pozione ignifuga,it-IT
耐熱薬剤,Pozione ignifuga,it-IT
耐熱藥劑,Pozione ignifuga,it-IT
耐電薬剤,Pozione isolante,it-IT
耐風薬剤,Pozione antivento,it-IT
聚燃的命种,Seme della vita infuocato,it-IT
聚燃的命種,Seme della vita infuocato,it-IT
聚燃的游像眼,Occhio vigile infuocato,it-IT
聚燃的遊像眼,Occhio vigile infuocato,it-IT
自在松石,Gemma di turchese Vayuda,it-IT
自在松石块,Pezzo di turchese Vayuda,it-IT
自在松石塊,Pezzo di turchese Vayuda,it-IT
自在松石断片,Frammento di turchese Vayuda,it-IT
自在松石斷片,Frammento di turchese Vayuda,it-IT
自由のターコイズ,Gemma di turchese Vayuda,it-IT
自由のターコイズ·塊,Pezzo di turchese Vayuda,it-IT
自由のターコイズ·欠片,Frammento di turchese Vayuda,it-IT
色変わりの結晶,Cristallo xenocromatico,it-IT
苍星军势的征服,Trionfo dell'esercito della Candida Stella,it-IT
苍星军势的集结,Adunata dell'esercito della Candida Stella,it-IT
苍星军势的鸣令,Fragore dell'esercito della Candida Stella,it-IT
茁壮菌核,Nucleo di Miconoide vigoroso,it-IT
茁壯菌核,Nucleo di Miconoide vigoroso,it-IT
草神の瞳の共鳴石,Pietra di risonanza per Dendroculi,it-IT
草神瞳共鳴石,Pietra di risonanza per Dendroculi,it-IT
草神瞳共鸣石,Pietra di risonanza per Dendroculi,it-IT
荧光孢粉,Polline luminescente,it-IT
蒼星軍勢の征服,Trionfo dell'esercito della Candida Stella,it-IT
蒼星軍勢の集結,Adunata dell'esercito della Candida Stella,it-IT
蒼星軍勢の鳴令,Fragore dell'esercito della Candida Stella,it-IT
蒼星軍勢的征服,Trionfo dell'esercito della Candida Stella,it-IT
蒼星軍勢的集結,Adunata dell'esercito della Candida Stella,it-IT
蒼星軍勢的鳴令,Fragore dell'esercito della Candida Stella,it-IT
蓝色染料,Tintura blu,it-IT
蔵に眠る霊薬の狂宴,Baldoria del nettare spirituale invecchiato,it-IT
蔵に眠る霊薬の酩酊,Ebbrezza del nettare spirituale invecchiato,it-IT
蔵に眠る霊薬の高揚,Euforia del nettare spirituale invecchiato,it-IT
蕴热的背壳,Carapace posteriore caldo,it-IT
薄荷精油,Olio essenziale di menta,it-IT
藍色染料,Tintura blu,it-IT
藏窖灵浆的恣意,Baldoria del nettare spirituale invecchiato,it-IT
藏窖灵浆的酣畅,Euforia del nettare spirituale invecchiato,it-IT
藏窖灵浆的酩酊,Ebbrezza del nettare spirituale invecchiato,it-IT
藏窖靈漿的恣意,Baldoria del nettare spirituale invecchiato,it-IT
藏窖靈漿的酣暢,Euforia del nettare spirituale invecchiato,it-IT
藏窖靈漿的酩酊,Ebbrezza del nettare spirituale invecchiato,it-IT
藏銀鴉印,Emblema del corvo argentato,it-IT
藏银鸦印,Emblema del corvo argentato,it-IT
蘊熱的背殼,Carapace posteriore caldo,it-IT
螢光孢粉,Polline luminescente,it-IT
蠕虫假饵,Esca con verme finto,it-IT
蠕蟲假餌,Esca con verme finto,it-IT
裂断的剑柄,Elsa spezzata,it-IT
裂斷的劍柄,Elsa spezzata,it-IT
覇道の牙,Zanna del tiranno,it-IT
誘光の広葉,Granfoglia stupefacente,it-IT
誰かが大切にしていた花,Fiore adorato,it-IT
謐林涓露的金符,Talismano d'oro della rugiada silvestre,it-IT
謐林涓露的銀符,Talismano d'argento della rugiada silvestre,it-IT
謐林涓露的鐵符,Talismano di ferro della rugiada silvestre,it-IT
譫妄聖主的容光,Aspetto delirante del Sacro Signore,it-IT
譫妄聖主的神面,Divinità delirante del Sacro Signore,it-IT
譫妄聖主的餘哀,Desolazione delirante del Sacro Signore,it-IT
谧林涓露的金符,Talismano d'oro della rugiada silvestre,it-IT
谧林涓露的铁符,Talismano di ferro della rugiada silvestre,it-IT
谧林涓露的银符,Talismano d'argento della rugiada silvestre,it-IT
谵妄圣主的余哀,Desolazione delirante del Sacro Signore,it-IT
谵妄圣主的容光,Aspetto delirante del Sacro Signore,it-IT
谵妄圣主的神面,Divinità delirante del Sacro Signore,it-IT
貢祭熾心的榮膺,Fulgore del cuore sacrificale ardente,it-IT
貢祭熾心的決絕,Determinazione del cuore sacrificale ardente,it-IT
貢祭熾心的躊躇,Esitazione del cuore sacrificale ardente,it-IT
贡祭炽心的决绝,Determinazione del cuore sacrificale ardente,it-IT
贡祭炽心的荣膺,Fulgore del cuore sacrificale ardente,it-IT
贡祭炽心的踌躇,Esitazione del cuore sacrificale ardente,it-IT
赤挽肉餌,Esca profumata,it-IT
赤糜餌,Esca profumata,it-IT
赤糜饵,Esca profumata,it-IT
赤色の染料,Tintura rossa,it-IT
輝くプリズム,Prisma splendente,it-IT
輝光の外殻,Esoscheletro radioso,it-IT
輝光稜晶,Prisma splendente,it-IT
辉光棱晶,Prisma splendente,it-IT
远海夷地的玉枝,Ramo prezioso di un mare lontano,it-IT
远海夷地的琼枝,Ramo di giada di un mare lontano,it-IT
远海夷地的金枝,Ramo dorato di un mare lontano,it-IT
迷光的蜷叶之心,Fillospirale illusoria,it-IT
迷光的蜷葉之心,Fillospirale illusoria,it-IT
遠海夷地の玉枝,Ramo di giada di un mare lontano,it-IT
遠海夷地の石枝,Ramo prezioso di un mare lontano,it-IT
遠海夷地の金枝,Ramo dorato di un mare lontano,it-IT
遠海夷地的玉枝,Ramo prezioso di un mare lontano,it-IT
遠海夷地的瓊枝,Ramo di giada di un mare lontano,it-IT
遠海夷地的金枝,Ramo dorato di un mare lontano,it-IT
酸桔餌,Esca aspra,it-IT
酸桔饵,Esca aspra,it-IT
金織の赤い絹,Broccato rosso sontuoso,it-IT
銳利的箭鏃,Punta di freccia affilata,it-IT
鋭利な矢先,Punta di freccia affilata,it-IT
鍥紋的橫脊,Ossa marchiate,it-IT
鑲邊紅綢,Seta rossa ritagliata,it-IT
锐利的箭簇,Punta di freccia affilata,it-IT
锲纹的横脊,Ossa marchiate,it-IT
镶边红绸,Seta rossa ritagliata,it-IT
長夜の灯火の残照,Incandescenza della Selce della Lunga notte,it-IT
長夜の灯火の紫炎,Bagliore della Selce della Lunga notte,it-IT
長夜の灯火の輝光,Fulgore della Selce della Lunga notte,it-IT
長夜燧火的明焰,Bagliore della Selce della Lunga notte,it-IT
長夜燧火的殘照,Incandescenza della Selce della Lunga notte,it-IT
長夜燧火的烈輝,Fulgore della Selce della Lunga notte,it-IT
长夜燧火的明焰,Bagliore della Selce della Lunga notte,it-IT
长夜燧火的残照,Incandescenza della Selce della Lunga notte,it-IT
长夜燧火的烈辉,Fulgore della Selce della Lunga notte,it-IT
閃爍餌,Esca baluginante,it-IT
闪烁饵,Esca baluginante,it-IT
防塵藥劑,Pozione antipolvere,it-IT
防尘药剂,Pozione antipolvere,it-IT
防潮药剂,Pozione idrorepellente,it-IT
防潮藥劑,Pozione idrorepellente,it-IT
防草薬剤,Pozione dendrocida,it-IT
防風藥劑,Pozione antivento,it-IT
防风药剂,Pozione antivento,it-IT
隐兽利爪,Artiglio affilato nascosto,it-IT
隐兽鬼爪,Artiglio di bestia nascosto,it-IT
隠獣の利爪,Artiglio affilato nascosto,it-IT
隠獣の鬼爪,Artiglio di bestia nascosto,it-IT
隱獸利爪,Artiglio affilato nascosto,it-IT
隱獸鬼爪,Artiglio di bestia nascosto,it-IT
雷神の瞳の共鳴石,Pietra di risonanza per Electroculi,it-IT
雷神瞳共鳴石,Pietra di risonanza per Electroculi,it-IT
雷神瞳共鸣石,Pietra di risonanza per Electroculi,it-IT
雾海云间的汞丹,Elisir di mercurio della nebbia,it-IT
雾海云间的转还,Elisir primordiale della nebbia,it-IT
雾海云间的金丹,Elisir d'oro della nebbia,it-IT
雾虚灯芯,Ciuffi d'Erbafosca,it-IT
雾虚草囊,Erbafosca,it-IT
霄灯,Lanterna Xiao,it-IT
霄燈,Lanterna Xiao,it-IT
霜刻の徽章,Distintivo gelinciso,it-IT
霜劫のオイル,Olio essenziale congelante,it-IT
霜劫精油,Olio essenziale congelante,it-IT
霜夜の柔光,Bagliore della Notte gelata,it-IT
霜夜の栄華,Gloria della Notte gelata,it-IT
霜夜的柔輝,Bagliore della Notte gelata,it-IT
霜夜的柔辉,Bagliore della Notte gelata,it-IT
霜夜的煌榮,Gloria della Notte gelata,it-IT
霜夜的煌荣,Gloria della Notte gelata,it-IT
霜鐫的執憑,Distintivo gelinciso,it-IT
霜镌的执凭,Distintivo gelinciso,it-IT
霧海雲間の水銀,Elisir di mercurio della nebbia,it-IT
霧海雲間の転還,Elisir primordiale della nebbia,it-IT
霧海雲間の金丹,Elisir d'oro della nebbia,it-IT
霧海雲間的汞丹,Elisir di mercurio della nebbia,it-IT
霧海雲間的轉還,Elisir primordiale della nebbia,it-IT
霧海雲間的金丹,Elisir d'oro della nebbia,it-IT
霧虚ろの灯芯,Ciuffi d'Erbafosca,it-IT
霧虚ろの草嚢,Erbafosca,it-IT
霧虛燈芯,Ciuffi d'Erbafosca,it-IT
霧虛草囊,Erbafosca,it-IT
靈生分櫱節,Nodo germogliato della vita,it-IT
靈生盤枝心,Nucleo attorcigliato della vita,it-IT
青色の染料,Tintura blu,it-IT
静謐な森のしずくの金符,Talismano d'oro della rugiada silvestre,it-IT
静謐な森のしずくの鉄符,Talismano di ferro della rugiada silvestre,it-IT
静謐な森のしずくの銀符,Talismano d'argento della rugiada silvestre,it-IT
風神の瞳の共鳴石,Pietra di risonanza per Anemoculi,it-IT
風神瞳共鳴石,Pietra di risonanza per Anemoculi,it-IT
飄飄爆彈,Bomba esplosiva,it-IT
风神瞳共鸣石,Pietra di risonanza per Anemoculi,it-IT
飘飘爆弹,Bomba esplosiva,it-IT
飛蠅假餌,Esca con mosca finta,it-IT
飞蝇假饵,Esca con mosca finta,it-IT
驚雷のオイル,Olio essenziale folgorante,it-IT
驚雷精油,Olio essenziale folgorante,it-IT
高塔の王の断片,Frammento dell'epopea di Decarabian,it-IT
高塔の王の残壁,Resti della Città di Decarabian,it-IT
高塔の王の砕けた夢,Frammento del sogno di Decarabian,it-IT
高塔孤王的断片,Frammento dell'epopea di Decarabian,it-IT
高塔孤王的斷片,Frammento dell'epopea di Decarabian,it-IT
高塔孤王的残垣,Resti della Città di Decarabian,it-IT
高塔孤王的殘垣,Resti della Città di Decarabian,it-IT
高塔孤王的碎夢,Frammento del sogno di Decarabian,it-IT
高塔孤王的碎梦,Frammento del sogno di Decarabian,it-IT
鳴神御霊の勇武,Eroismo di Narukami,it-IT
鳴神御霊の歓喜,Gioia di Narukami,it-IT
鳴神御霊の親愛,Affetto di Narukami,it-IT
鳴神御靈的勇武,Eroismo di Narukami,it-IT
鳴神御靈的歡喜,Gioia di Narukami,it-IT
鳴神御靈的親愛,Affetto di Narukami,it-IT
鸣神御灵的亲爱,Affetto di Narukami,it-IT
鸣神御灵的勇武,Eroismo di Narukami,it-IT
鸣神御灵的欢喜,Gioia di Narukami,it-IT
黃色染料,Tintura gialla,it-IT
黄色の染料,Tintura gialla,it-IT
黄色染料,Tintura gialla,it-IT
黑晶号角,Corno con cristallo nero,it-IT
黑晶號角,Corno con cristallo nero,it-IT
黑銅號角,Corno di bronzo nero,it-IT
黑铜号角,Corno di bronzo nero,it-IT
黒夜の彫刻,Statuetta oscura,it-IT
黒晶の角笛,Corno con cristallo nero,it-IT
黒銅の角笛,Corno di bronzo nero,it-IT
龍冠武士的金哨,Fischietto d'oro del guerriero dei Saurici,it-IT
龙冠武士的金哨,Fischietto d'oro del guerriero dei Saurici,it-IT
가짜 날벌레 미끼,Esca con mosca finta,it-IT
가짜 벌레 미끼,Esca con verme finto,it-IT
감로 미끼,Esca zuccherosa,it-IT
갓 태어난 탁한 물의 환령,Fantasma di Hydro contaminato appena nato,it-IT
강화 구동축,Albero di trasmissione rinforzato,it-IT
검사관의 제도,Coltello sacrificale dell'ispettore,it-IT
격류의 오일,Olio essenziale idratante,it-IT
견고한 갑골,Ossa compatte,it-IT
고운한림의 신체,Corpo divino di Guyun,it-IT
고운한림의 해골,Reliquia di Guyun,it-IT
고운한림의 휘암,Pietra lucente di Guyun,it-IT
고탑 왕의 깨진 꿈,Frammento del sogno di Decarabian,it-IT
고탑 왕의 절망,Resti della Città di Decarabian,it-IT
고탑 왕의 조각,Frammento dell'epopea di Decarabian,it-IT
골드 까마귀 휘장,Emblema del corvo dorato,it-IT
과즙 미끼,Esca di pasta di frutta,it-IT
광풍의 오일,Olio essenziale sferzante,it-IT
궁중에서 금지된 이름 없는 약,Medicina proibita senza nome della Corte regia,it-IT
그윽한 조각상,Statuetta malefica,it-IT
그윽한 지느러미,Aletta Baratroluce,it-IT
극북 유민의 광휘,Radiosità aurea dell'Erede dell'Estremo Nord,it-IT
극북 유민의 기도,Oblazione dell'Erede dell'Estremo Nord,it-IT
극북 유민의 망집,Implacabile illusione dell'Erede dell'Estremo Nord,it-IT
금석극화의 귀인(鬼人),Maschera del kijin,it-IT
금석극화의 일각,Maschera del corno,it-IT
금석극화의 호교(虎嚙),Maschera del morso della tigre,it-IT
금자수 붉은 비단,Broccato rosso sontuoso,it-IT
금주의 두루마리,Pergamena maledetta,it-IT
기이한 바다의 결정,Frammento transoceanico,it-IT
긴 밤을 밝히는 불길,Fulgore della Selce della Lunga notte,it-IT
긴 밤을 밝히는 불꽃,Bagliore della Selce della Lunga notte,it-IT
긴 밤을 밝히는 불씨,Incandescenza della Selce della Lunga notte,it-IT
꺼지지 않은 검자루,Elsa incandescente,it-IT
나그네의 만개한 꽃,Fiore sbocciato del vagabondo,it-IT
나루카미 어령의 용맹,Eroismo di Narukami,it-IT
나루카미 어령의 친애,Affetto di Narukami,it-IT
나루카미 어령의 환희,Gioia di Narukami,it-IT
난폭한 송곳니,Zanna del tiranno,it-IT
날카로운 화살촉,Punta di freccia affilata,it-IT
내열 포션,Pozione ignifuga,it-IT
내한 포션,Pozione antigelo,it-IT
노란색 염료,Tintura gialla,it-IT
농축 레진,Resina condensata,it-IT
누군가가 간직한 꽃,Fiore adorato,it-IT
단단한 뼛조각,Frammento d'osso solido,it-IT
단단한 황옥,Gemma di topazio Prithiva,it-IT
단단한 황옥 덩이,Pezzo di topazio Prithiva,it-IT
단단한 황옥 조각,Frammento di topazio Prithiva,it-IT
달빛 지느러미,Aletta lunare,it-IT
둥둥 폭탄,Bomba esplosiva,it-IT
떠도는 정령 결정화 코어,Nucleo spettrale,it-IT
떠도는 정령 코어,Cuore spettrale,it-IT
뜨거운 심장 공양의 결단,Determinazione del cuore sacrificale ardente,it-IT
뜨거운 심장 공양의 영광,Fulgore del cuore sacrificale ardente,it-IT
뜨거운 심장 공양의 주춤,Esitazione del cuore sacrificale ardente,it-IT
라이언 투사의 쇠사슬,Catene del Gladiatore dei denti di leone,it-IT
라이언 투사의 수갑,Manette del Gladiatore dei denti di leone,it-IT
라이언 투사의 이념,Aspirazione del Gladiatore dei denti di leone,it-IT
맹수의 귀신 발톱,Artiglio di bestia nascosto,it-IT
맹수의 날카로운 발톱,Artiglio affilato nascosto,it-IT
먼바다의 금빛 가지,Ramo dorato di un mare lontano,it-IT
먼바다의 마노 가지,Ramo di giada di un mare lontano,it-IT
먼바다의 옥빛 가지,Ramo prezioso di un mare lontano,it-IT
명검 코등이,Paramano celebre,it-IT
문양이 새겨진 갑골,Ossa marchiate,it-IT
물의 신의 눈동자 공명석,Pietra di risonanza per Hydroculi,it-IT
민트 오일,Olio essenziale di menta,it-IT
바람 신의 눈동자 공명석,Pietra di risonanza per Anemoculi,it-IT
바위 신의 눈동자 공명석,Pietra di risonanza per Geoculi,it-IT
반석의 오일,Olio essenziale granitico,it-IT
반짝반짝 꽃꿀,Nettare brillante,it-IT
밝게 타오르는 껍질,Carapace prismardente,it-IT
방습 포션,Pozione idrorepellente,it-IT
방진 포션,Pozione antipolvere,it-IT
방풍 포션,Pozione antivento,it-IT
번개 신의 눈동자 공명석,Pietra di risonanza per Electroculi,it-IT
봉마의 두루마리,Pergamena sigillata,it-IT
부러진 검자루,Elsa spezzata,it-IT
불길한 가면,Maschera nefasta,it-IT
불뭉치의 눈,Occhio vigile infuocato,it-IT
불뭉치의 씨앗,Seme della vita infuocato,it-IT
불완전한 증식체,Massa aggregata,it-IT
불의 신의 눈동자 공명석,Pietra di risonanza per Pyroculi,it-IT
불타오르는 마노,Gemma d'agata Agnidus,it-IT
불타오르는 마노 덩이,Pezzo d'agata Agnidus,it-IT
불타오르는 마노 조각,Frammento d'agata Agnidus,it-IT
붉은색 염료,Tintura rossa,it-IT
비밀 도구의 계승,Eredità del dispositivo ingegnoso,it-IT
비밀 도구의 모형,Replica del dispositivo ingegnoso,it-IT
비밀 도구의 참뜻,Desiderio del dispositivo ingegnoso,it-IT
비밀근원 기판,Involucro della Fonte segreta,it-IT
비밀근원 코어,Cuore della Fonte segreta,it-IT
빛을 미혹하는 잎말이,Fillospirale illusoria,it-IT
빛을 품은 갑각,Esoscheletro radioso,it-IT
빛을 현혹하는 잎,Granfoglia stupefacente,it-IT
사관의 휘장,Emblema del sergente,it-IT
새콤 귤 미끼,Esca aspra,it-IT
서늘한 빙옥,Gemma di giada Shivada,it-IT
서늘한 빙옥 덩이,Pezzo di giada Shivada,it-IT
서늘한 빙옥 조각,Frammento di giada Shivada,it-IT
서리밤의 광채,Bagliore della Notte gelata,it-IT
서리밤의 영광,Gloria della Notte gelata,it-IT
서리의 오일,Olio essenziale congelante,it-IT
서릿빛 표장,Distintivo gelinciso,it-IT
석화한 뼛조각,Frammento d'osso fossilizzato,it-IT
성숙한 송곳니,Zanna inveterata,it-IT
성스러운 이슬의 샘물,Zampillo di Goccia di rugiada sacra pura,it-IT
성스러운 이슬의 승화,Sublimazione di Goccia di rugiada sacra pura,it-IT
성스러운 이슬의 정수,Essenza di Goccia di rugiada sacra pura,it-IT
소등,Lanterna Xiao,it-IT
소진된 달의 철,Ferro lunare consumato,it-IT
수정 알갱이 미끼,Esca almandina,it-IT
수정 프리즘,Prisma di cristallo,it-IT
순결한 바다의 금잔,Calice d'oro del mare immacolato,it-IT
순결한 바다의 술잔,Calice di vino del mare immacolato,it-IT
순결한 바다의 은잔,Calice d'argento del mare immacolato,it-IT
순수한 달의 철,Ferro lunare immacolato,it-IT
순수한 청금석,Gemma di lazurite Varunada,it-IT
순수한 청금석 덩이,Pezzo di lazurite Varunada,it-IT
순수한 청금석 조각,Frammento di lazurite Varunada,it-IT
숲의 이슬을 닮은 금 부적,Talismano d'oro della rugiada silvestre,it-IT
숲의 이슬을 닮은 은 부적,Talismano d'argento della rugiada silvestre,it-IT
숲의 이슬을 닮은 철 부적,Talismano di ferro della rugiada silvestre,it-IT
슬라임 원액,Concentrato di Melmoso,it-IT
슬라임청,Secrezioni di Melmoso,it-IT
승리의 자수정,Gemma d'ametista Vajrada,it-IT
승리의 자수정 덩이,Pezzo d'ametista Vajrada,it-IT
승리의 자수정 조각,Frammento d'ametista Vajrada,it-IT
신이 깃든 연기의 계시,Rivelazione mistica del Vento della Notte,it-IT
신이 깃든 연기의 예감,Premonizione mistica del Vento della Notte,it-IT
신이 깃든 연기의 징조,Auspicio mistico del Vento della Notte,it-IT
실버 까마귀 휘장,Emblema del corvo argentato,it-IT
실성한 왕의 비애,Desolazione delirante del Sacro Signore,it-IT
실성한 왕의 신성한 가면,Divinità delirante del Sacro Signore,it-IT
실성한 왕의 용모,Aspetto delirante del Sacro Signore,it-IT
심부름꾼의 시시각각,Costanza dell'operativo,it-IT
심부름꾼의 제식 회중시계,Orologio comune da operativo,it-IT
안개 등심,Ciuffi d'Erbafosca,it-IT
안개구름 속의 금단,Elisir d'oro della nebbia,it-IT
안개구름 속의 수은단,Elisir di mercurio della nebbia,it-IT
안개구름 속의 전환,Elisir primordiale della nebbia,it-IT
안개풀 주머니,Erbafosca,it-IT
어둠의 부리,Becco uncinato dell'ombra profonda,it-IT
어둠의 핵,Nucleo aberrante dell'ombra profonda,it-IT
여름빛 참나무 미끼,Esca bacca,it-IT
역전의 화살촉,Punta di freccia consumata,it-IT
열기를 품은 껍질,Carapace posteriore caldo,it-IT
열화의 오일,Olio essenziale ardente,it-IT
영혼의 가지,Nodo germogliato della vita,it-IT
영혼의 큰 가지,Nucleo attorcigliato della vita,it-IT
오래된 현악의 단장,Capitolo di un antico accordo,it-IT
오래된 현악의 악장,Movimento di un antico accordo,it-IT
오래된 현악의 울림,Eco di un antico accordo,it-IT
오아시스 화원의 애념,Compianto del giardino dell'oasi,it-IT
오아시스 화원의 은혜,Benevolenza del giardino dell'oasi,it-IT
오아시스 화원의 진리,Verità del giardino dell'oasi,it-IT
오염된 가면,Maschera sporca,it-IT
오토마톤 코어 톱니바퀴,Ingranaggio dinamico artificiato,it-IT
완전한 증식체,Escrescenza aggregata,it-IT
요정의 만취,Ebbrezza del nettare spirituale invecchiato,it-IT
요정의 방종,Baldoria del nettare spirituale invecchiato,it-IT
요정의 탐닉,Euforia del nettare spirituale invecchiato,it-IT
용투구 무사의 황금 호루라기,Fischietto d'oro del guerriero dei Saurici,it-IT
원소 꽃꿀,Nettare energetico,it-IT
위관의 휘장,Emblema del tenente,it-IT
유지 보수 장치용 섬광 미끼,Esca stroboscopica per Meka manutentori,it-IT
의지가 맴도는 우상,Sigillo di volontà inarrestabile,it-IT
의지가 명확한 조각,Recipiente di volontà certa,it-IT
이색 결정석,Cristallo xenocromatico,it-IT
이세계 생명체의 코어,Nucleo di vita aliena,it-IT
이세계의 시냅스,Sinapsi aliena,it-IT
자라나는 비취,Gemma di smeraldo Nagadus,it-IT
자라나는 비취 덩이,Pezzo di smeraldo Nagadus,it-IT
자라나는 비취 조각,Frammento di Smeraldo Nagadus,it-IT
자유로운 터키석,Gemma di turchese Vayuda,it-IT
자유로운 터키석 덩이,Pezzo di turchese Vayuda,it-IT
자유로운 터키석 조각,Frammento di turchese Vayuda,it-IT
잠든 버섯핵,Nucleo di Miconoide dormiente,it-IT
장식된 붉은 비단,Seta rossa ritagliata,it-IT
잿불 미끼,Esca Scintillambra,it-IT
적색 다진 미끼,Esca profumata,it-IT
전사의 금속 호루라기,Fischietto di metallo del guerriero,it-IT
절연 포션,Pozione isolante,it-IT
정교한 표장,Distintivo immacolato,it-IT
정밀 구동축,Albero di trasmissione di precisione,it-IT
정조준 폭탄,Bomba precisa,it-IT
제초 포션,Pozione dendrocida,it-IT
지맥의 마른 잎,Foglie geomantiche secche,it-IT
지맥의 새싹,Germoglio geomantico,it-IT
직물,Stoffa,it-IT
짙은 안개 철편,Frammento di armatura brumoso,it-IT
짙은 안개 투구,Elmo brumoso,it-IT
차르의 결별,Addio dell'Imperatore del gelo,it-IT
차르의 비애,Lamento dell'Imperatore del gelo,it-IT
차르의 의식,Cerimonia dell'Imperatore del gelo,it-IT
찬란하게 빛나는 결정,Prisma splendente,it-IT
창백한 별군단의 명령,Fragore dell'esercito della Candida Stella,it-IT
창백한 별군단의 정복,Trionfo dell'esercito della Candida Stella,it-IT
창백한 별군단의 집결,Adunata dell'esercito della Candida Stella,it-IT
천둥의 오일,Olio essenziale folgorante,it-IT
청백색 미끼,Esca Lakka rinfrescante,it-IT
총림의 오일,Olio essenziale silvestre,it-IT
카게우치 코등이,Paramano kageuchi,it-IT
칼바람 울프의 그리운 고향,Nostalgia del Lupo boreale,it-IT
칼바람 울프의 부서진 이빨,Zanna incrinata del Lupo boreale,it-IT
칼바람 울프의 이빨,Dente rotto del Lupo boreale,it-IT
키메라의 다중 코어,Nucleo chimerico primordiale,it-IT
키메라의 이중 코어,Nucleo chimerico simbiotico,it-IT
탁한 물 한 움큼,Campione d'acqua contaminata,it-IT
태양 같은 권위의 과거,Tempi andati di possanza infuocata,it-IT
태양 같은 권위의 꿈,Sogno di possanza infuocata,it-IT
태양 같은 권위의 여광,Ultimo bagliore di possanza infuocata,it-IT
특수 반석의 오일,Olio essenziale granitico speciale,it-IT
특수 요원의 제도,Coltello sacrificale dell'usuraio,it-IT
튼튼한 버섯핵,Nucleo di Miconoide vigoroso,it-IT
파란색 염료,Tintura blu,it-IT
파손된 화염검,Elsa fiammeggiante incrinata,it-IT
편광 프리즘,Prisma polarizzante,it-IT
평톱니바퀴,Ingranaggio cilindrico,it-IT
포낭 결정 가루,Polvere di ciste cristallina,it-IT
포켓 워프 포인트,Portale mobile,it-IT
풀의 신의 눈동자 공명석,Pietra di risonanza per Dendroculi,it-IT
형광 미끼,Esca baluginante,it-IT
형광 포자 분말,Polline luminescente,it-IT
혼돈 모듈,Modulo del caos,it-IT
혼돈 볼트,Bullone del caos,it-IT
혼돈의 노심,Nucleo del caos,it-IT
혼돈의 눈동자,Oculus del caos,it-IT
혼돈의 중추,Asse del caos,it-IT
혼돈의 회로,Circuito del caos,it-IT
혼탁한 결정,Prisma torbido,it-IT
화끈화끈 폭탄,Bomba calcinatrice,it-IT
화려한 화염검,Elsa fiammeggiante ingioiellata,it-IT
환상의 요정 결정,Litosquama di cristallo eterea,it-IT
환상의 요정 조각,Cristallo etereo,it-IT
흑동 나팔,Corno di bronzo nero,it-IT
흑수정 나팔,Corno con cristallo nero,it-IT
흑야의 조각상,Statuetta oscura,it-IT
흑운철 덩이,Pezzo di Aerosiderite,it-IT
흑운철 일각,Frammento di Aerosiderite,it-IT
흑운철 조각,Scheggia di Aerosiderite,it-IT
희미한 갑각,Resti luminescenti,it-IT
